#Name,A,C,D,E,G,F,H,I,K,L,M,N,P,Q,R,S,T,V,W,Y
positive_independent.txt_P00488,0.050546448087431695,0.012295081967213115,0.06420765027322405,0.06557377049180328,0.06830601092896176,0.04371584699453552,0.01912568306010929,0.05191256830601093,0.05191256830601093,0.06557377049180328,0.0273224043715847,0.0546448087431694,0.045081967213114756,0.036885245901639344,0.06147540983606557,0.06284153005464481,0.06147540983606557,0.09699453551912568,0.020491803278688523,0.03961748633879782
positive_independent.txt_Q13423,0.11694290976058933,0.011970534069981584,0.034990791896869246,0.03959484346224678,0.10773480662983426,0.03314917127071823,0.014732965009208104,0.06445672191528545,0.0570902394106814,0.10957642725598526,0.03222836095764273,0.03683241252302026,0.04880294659300184,0.03222836095764273,0.022099447513812154,0.058011049723756904,0.06537753222836096,0.07826887661141804,0.003683241252302026,0.03222836095764273
positive_independent.txt_P56181,0.08333333333333333,0.009259259259259259,0.027777777777777776,0.05555555555555555,0.05555555555555555,0.037037037037037035,0.027777777777777776,0.0,0.08333333333333333,0.10185185185185185,0.027777777777777776,0.037037037037037035,0.10185185185185185,0.07407407407407407,0.05555555555555555,0.1111111111111111,0.05555555555555555,0.027777777777777776,0.0,0.027777777777777776
positive_independent.txt_Q9UBM7,0.07789473684210527,0.02736842105263158,0.042105263157894736,0.016842105263157894,0.07789473684210527,0.06736842105263158,0.035789473684210524,0.05894736842105263,0.037894736842105266,0.11578947368421053,0.016842105263157894,0.035789473684210524,0.04421052631578947,0.031578947368421054,0.04421052631578947,0.04421052631578947,0.05263157894736842,0.06947368421052631,0.042105263157894736,0.061052631578947365
positive_independent.txt_Q9UDR5,0.0734341252699784,0.014038876889848811,0.04967602591792657,0.06695464362850972,0.08423326133909287,0.024838012958963283,0.032397408207343416,0.07019438444924406,0.06047516198704104,0.10907127429805616,0.03347732181425486,0.03455723542116631,0.05183585313174946,0.03131749460043196,0.042116630669546434,0.06263498920086392,0.04967602591792657,0.06371490280777538,0.0064794816414686825,0.038876889848812095
positive_independent.txt_Q8IWU9,0.05510204081632653,0.026530612244897958,0.05102040816326531,0.08979591836734693,0.05714285714285714,0.05714285714285714,0.02040816326530612,0.03469387755102041,0.07142857142857142,0.09591836734693877,0.02040816326530612,0.03469387755102041,0.04693877551020408,0.03877551020408163,0.05714285714285714,0.07346938775510205,0.05510204081632653,0.06326530612244897,0.00816326530612245,0.04285714285714286
positive_independent.txt_O95299,0.056338028169014086,0.016901408450704224,0.061971830985915494,0.061971830985915494,0.061971830985915494,0.036619718309859155,0.030985915492957747,0.05070422535211268,0.07887323943661972,0.10422535211267606,0.014084507042253521,0.030985915492957747,0.04225352112676056,0.04507042253521127,0.059154929577464786,0.0647887323943662,0.04788732394366197,0.0676056338028169,0.014084507042253521,0.05352112676056338
positive_independent.txt_O43920,0.04716981132075472,0.03773584905660377,0.04716981132075472,0.09433962264150944,0.08490566037735849,0.03773584905660377,0.03773584905660377,0.08490566037735849,0.10377358490566038,0.05660377358490566,0.02830188679245283,0.009433962264150943,0.0660377358490566,0.04716981132075472,0.09433962264150944,0.009433962264150943,0.04716981132075472,0.009433962264150943,0.018867924528301886,0.03773584905660377
positive_independent.txt_O75380,0.08064516129032258,0.04838709677419355,0.04838709677419355,0.06451612903225806,0.11290322580645161,0.04032258064516129,0.04032258064516129,0.04032258064516129,0.04838709677419355,0.06451612903225806,0.016129032258064516,0.03225806451612903,0.03225806451612903,0.04032258064516129,0.08870967741935484,0.024193548387096774,0.06451612903225806,0.08064516129032258,0.0,0.03225806451612903
positive_independent.txt_Q15800,0.051194539249146756,0.023890784982935155,0.034129692832764506,0.06143344709897611,0.040955631399317405,0.08873720136518772,0.05460750853242321,0.07167235494880546,0.05802047781569966,0.10580204778156997,0.020477815699658702,0.051194539249146756,0.04778156996587031,0.027303754266211604,0.030716723549488054,0.03754266211604096,0.051194539249146756,0.03754266211604096,0.03754266211604096,0.06825938566552901
positive_independent.txt_Q9BYZ2,0.05774278215223097,0.02099737532808399,0.03937007874015748,0.05511811023622047,0.07086614173228346,0.026246719160104987,0.026246719160104987,0.09448818897637795,0.07874015748031496,0.10498687664041995,0.02099737532808399,0.04461942257217848,0.04199475065616798,0.023622047244094488,0.03412073490813648,0.08661417322834646,0.06036745406824147,0.07611548556430446,0.02099737532808399,0.015748031496062992
positive_independent.txt_P56937,0.07917888563049853,0.02346041055718475,0.03812316715542522,0.05278592375366569,0.04985337243401759,0.05571847507331378,0.02346041055718475,0.05278592375366569,0.05571847507331378,0.1466275659824047,0.020527859237536656,0.05278592375366569,0.03812316715542522,0.0469208211143695,0.04398826979472141,0.07624633431085044,0.06451612903225806,0.04398826979472141,0.008797653958944282,0.026392961876832845
positive_independent.txt_P9WGY7,0.08814589665653495,0.00911854103343465,0.06458966565349544,0.08358662613981763,0.0797872340425532,0.02735562310030395,0.0182370820668693,0.05547112462006079,0.04939209726443769,0.0911854103343465,0.022796352583586626,0.028875379939209727,0.047872340425531915,0.03951367781155015,0.08434650455927052,0.041033434650455926,0.04939209726443769,0.08282674772036475,0.007598784194528876,0.028875379939209727
positive_independent.txt_O75489,0.08712121212121213,0.007575757575757576,0.06060606060606061,0.07196969696969698,0.045454545454545456,0.06060606060606061,0.01893939393939394,0.03409090909090909,0.045454545454545456,0.0946969696969697,0.007575757575757576,0.03409090909090909,0.06818181818181818,0.030303030303030304,0.08712121212121213,0.04924242424242424,0.045454545454545456,0.09848484848484848,0.01893939393939394,0.03409090909090909
positive_independent.txt_P03897,0.06956521739130435,0.008695652173913044,0.02608695652173913,0.043478260869565216,0.02608695652173913,0.06956521739130435,0.0,0.0782608695652174,0.02608695652173913,0.24347826086956523,0.06956521739130435,0.034782608695652174,0.06956521739130435,0.02608695652173913,0.008695652173913044,0.05217391304347826,0.06086956521739131,0.02608695652173913,0.034782608695652174,0.02608695652173913
positive_independent.txt_P21695,0.08595988538681948,0.03151862464183381,0.04011461318051576,0.07163323782234957,0.10315186246418338,0.04297994269340974,0.022922636103151862,0.07163323782234957,0.07163323782234957,0.08882521489971347,0.025787965616045846,0.04011461318051576,0.04297994269340974,0.045845272206303724,0.022922636103151862,0.03724928366762178,0.04297994269340974,0.09169054441260745,0.0057306590257879654,0.014326647564469915
positive_independent.txt_P56556,0.06493506493506493,0.012987012987012988,0.05194805194805195,0.05844155844155844,0.06493506493506493,0.05844155844155844,0.032467532467532464,0.03896103896103896,0.09090909090909091,0.045454545454545456,0.045454545454545456,0.01948051948051948,0.045454545454545456,0.025974025974025976,0.1038961038961039,0.045454545454545456,0.05844155844155844,0.09740259740259741,0.01948051948051948,0.01948051948051948
positive_independent.txt_Q02252,0.09906542056074766,0.014953271028037384,0.03925233644859813,0.05046728971962617,0.08224299065420561,0.03925233644859813,0.016822429906542057,0.05794392523364486,0.06355140186915888,0.08037383177570094,0.03551401869158879,0.05046728971962617,0.056074766355140186,0.03925233644859813,0.037383177570093455,0.06542056074766354,0.059813084112149535,0.08037383177570094,0.011214953271028037,0.020560747663551402
positive_independent.txt_O43674,0.08994708994708994,0.0,0.037037037037037035,0.07407407407407407,0.06878306878306878,0.05291005291005291,0.031746031746031744,0.06878306878306878,0.05291005291005291,0.09523809523809523,0.021164021164021163,0.015873015873015872,0.06349206349206349,0.010582010582010581,0.09523809523809523,0.042328042328042326,0.042328042328042326,0.06878306878306878,0.015873015873015872,0.05291005291005291
positive_independent.txt_P30038,0.10124333925399645,0.014209591474245116,0.05150976909413854,0.05328596802841918,0.07992895204262877,0.0497335701598579,0.023090586145648313,0.047957371225577264,0.06394316163410302,0.08348134991119005,0.014209591474245116,0.028419182948490232,0.06216696269982238,0.03907637655417407,0.046181172291296625,0.07282415630550622,0.047957371225577264,0.07282415630550622,0.017761989342806393,0.03019538188277087
positive_independent.txt_O96000,0.0872093023255814,0.029069767441860465,0.06976744186046512,0.08139534883720931,0.011627906976744186,0.01744186046511628,0.011627906976744186,0.05232558139534884,0.0755813953488372,0.03488372093023256,0.046511627906976744,0.029069767441860465,0.05232558139534884,0.10465116279069768,0.09883720930232558,0.023255813953488372,0.029069767441860465,0.05813953488372093,0.011627906976744186,0.0755813953488372
positive_independent.txt_P40939,0.08256880733944955,0.01703800786369594,0.04980340760157274,0.06028833551769332,0.0891218872870249,0.04062909567496723,0.011795543905635648,0.06028833551769332,0.09305373525557012,0.0982961992136304,0.02490170380078637,0.022280471821756225,0.04325032765399738,0.04193971166448231,0.04325032765399738,0.06290956749672345,0.04980340760157274,0.08387942332896461,0.001310615989515072,0.023591087811271297
positive_independent.txt_P03901,0.09183673469387756,0.030612244897959183,0.01020408163265306,0.02040816326530612,0.04081632653061224,0.030612244897959183,0.030612244897959183,0.07142857142857142,0.0,0.23469387755102042,0.10204081632653061,0.061224489795918366,0.02040816326530612,0.01020408163265306,0.01020408163265306,0.08163265306122448,0.05102040816326531,0.061224489795918366,0.0,0.04081632653061224
positive_independent.txt_Q96GD0,0.14189189189189189,0.02364864864864865,0.057432432432432436,0.06756756756756757,0.10472972972972973,0.037162162162162164,0.02027027027027027,0.013513513513513514,0.010135135135135136,0.13851351351351351,0.013513513513513514,0.013513513513513514,0.057432432432432436,0.02027027027027027,0.10472972972972973,0.0472972972972973,0.04054054054054054,0.06418918918918919,0.006756756756756757,0.016891891891891893
positive_independent.txt_O43676,0.09183673469387756,0.0,0.04081632653061224,0.08163265306122448,0.10204081632653061,0.07142857142857142,0.08163265306122448,0.02040816326530612,0.11224489795918367,0.061224489795918366,0.030612244897959183,0.02040816326530612,0.030612244897959183,0.02040816326530612,0.04081632653061224,0.04081632653061224,0.02040816326530612,0.05102040816326531,0.04081632653061224,0.04081632653061224
positive_independent.txt_P02753,0.0845771144278607,0.029850746268656716,0.08955223880597014,0.04975124378109453,0.06467661691542288,0.04975124378109453,0.009950248756218905,0.01990049751243781,0.05472636815920398,0.0945273631840796,0.024875621890547265,0.04477611940298507,0.024875621890547265,0.03980099502487562,0.07462686567164178,0.05970149253731343,0.04477611940298507,0.06965174129353234,0.029850746268656716,0.03980099502487562
positive_independent.txt_Q99714,0.13409961685823754,0.01532567049808429,0.038314176245210725,0.0421455938697318,0.11877394636015326,0.034482758620689655,0.007662835249042145,0.05363984674329502,0.0421455938697318,0.09961685823754789,0.022988505747126436,0.04597701149425287,0.04980842911877394,0.04980842911877394,0.0421455938697318,0.04597701149425287,0.04980842911877394,0.09578544061302682,0.0,0.011494252873563218
positive_independent.txt_Q9NRX3,0.08045977011494253,0.022988505747126436,0.06896551724137931,0.011494252873563218,0.06896551724137931,0.034482758620689655,0.011494252873563218,0.05747126436781609,0.08045977011494253,0.12643678160919541,0.034482758620689655,0.04597701149425287,0.08045977011494253,0.022988505747126436,0.09195402298850575,0.05747126436781609,0.011494252873563218,0.022988505747126436,0.022988505747126436,0.04597701149425287
positive_independent.txt_P49915,0.05627705627705628,0.01875901875901876,0.049062049062049064,0.07792207792207792,0.07503607503607504,0.04184704184704185,0.024531024531024532,0.07792207792207792,0.06926406926406926,0.08658008658008658,0.01875901875901876,0.03896103896103896,0.05483405483405483,0.030303030303030304,0.050505050505050504,0.05916305916305916,0.06204906204906205,0.08513708513708514,0.004329004329004329,0.01875901875901876
positive_independent.txt_Q16798,0.08609271523178808,0.018211920529801324,0.04966887417218543,0.054635761589403975,0.08112582781456953,0.041390728476821195,0.028145695364238412,0.059602649006622516,0.054635761589403975,0.10430463576158941,0.024834437086092714,0.0380794701986755,0.057947019867549666,0.0380794701986755,0.054635761589403975,0.039735099337748346,0.054635761589403975,0.06788079470198675,0.008278145695364239,0.0380794701986755
positive_independent.txt_P9WGR1,0.13382899628252787,0.0037174721189591076,0.055762081784386616,0.040892193308550186,0.10408921933085502,0.026022304832713755,0.01858736059479554,0.07434944237918216,0.03345724907063197,0.10037174721189591,0.03717472118959108,0.02973977695167286,0.048327137546468404,0.03717472118959108,0.048327137546468404,0.05947955390334572,0.048327137546468404,0.06319702602230483,0.01486988847583643,0.022304832713754646
positive_independent.txt_P37058,0.08387096774193549,0.025806451612903226,0.02258064516129032,0.05806451612903226,0.06129032258064516,0.04516129032258064,0.01935483870967742,0.08064516129032258,0.07096774193548387,0.13548387096774195,0.02258064516129032,0.03870967741935484,0.025806451612903226,0.02903225806451613,0.03225806451612903,0.06451612903225806,0.06129032258064516,0.07096774193548387,0.012903225806451613,0.03870967741935484
positive_independent.txt_P03923,0.04597701149425287,0.005747126436781609,0.017241379310344827,0.05747126436781609,0.16666666666666666,0.04597701149425287,0.0,0.06896551724137931,0.011494252873563218,0.10919540229885058,0.05747126436781609,0.022988505747126436,0.022988505747126436,0.0,0.017241379310344827,0.05747126436781609,0.022988505747126436,0.1781609195402299,0.028735632183908046,0.06321839080459771
positive_independent.txt_O95479,0.08849557522123894,0.012642225031605562,0.03792667509481669,0.0606826801517067,0.06826801517067003,0.04804045512010114,0.04424778761061947,0.03286978508217446,0.03413400758533502,0.1264222503160556,0.021491782553729456,0.025284450063211124,0.05815423514538559,0.06573957016434892,0.05941845764854614,0.07458912768647281,0.029077117572692796,0.06447534766118837,0.017699115044247787,0.03034134007585335
positive_independent.txt_P51970,0.05232558139534884,0.046511627906976744,0.06395348837209303,0.09302325581395349,0.046511627906976744,0.046511627906976744,0.03488372093023256,0.029069767441860465,0.09302325581395349,0.0872093023255814,0.011627906976744186,0.01744186046511628,0.08139534883720931,0.040697674418604654,0.06976744186046512,0.03488372093023256,0.046511627906976744,0.05232558139534884,0.023255813953488372,0.029069767441860465
positive_independent.txt_O95139,0.0,0.0,0.03125,0.0859375,0.046875,0.046875,0.046875,0.0546875,0.109375,0.078125,0.046875,0.015625,0.1015625,0.0390625,0.0625,0.0390625,0.0390625,0.078125,0.03125,0.046875
positive_independent.txt_Q16836,0.09554140127388536,0.0031847133757961785,0.050955414012738856,0.06369426751592357,0.06369426751592357,0.054140127388535034,0.025477707006369428,0.050955414012738856,0.09872611464968153,0.08280254777070063,0.028662420382165606,0.03184713375796178,0.03503184713375796,0.022292993630573247,0.028662420382165606,0.07643312101910828,0.07643312101910828,0.08917197452229299,0.0031847133757961785,0.01910828025477707
positive_independent.txt_Q99259,0.06902356902356903,0.021885521885521887,0.050505050505050504,0.06565656565656566,0.07407407407407407,0.050505050505050504,0.02356902356902357,0.05555555555555555,0.0707070707070707,0.09090909090909091,0.030303030303030304,0.04882154882154882,0.03872053872053872,0.04040404040404041,0.04713804713804714,0.06228956228956229,0.058922558922558925,0.05387205387205387,0.015151515151515152,0.03198653198653199
positive_independent.txt_P35222,0.10115236875800256,0.014084507042253521,0.05377720870678617,0.06145966709346991,0.07170294494238157,0.016645326504481434,0.034571062740076826,0.04225352112676056,0.03329065300896287,0.1203585147247119,0.03841229193341869,0.03969270166453265,0.04481434058898848,0.06274007682458387,0.0499359795134443,0.05377720870678617,0.06145966709346991,0.06914212548015365,0.008962868117797696,0.02176696542893726
positive_independent.txt_O14965,0.05955334987593052,0.017369727047146403,0.02729528535980149,0.07692307692307693,0.04714640198511166,0.03225806451612903,0.02977667493796526,0.034739454094292806,0.0794044665012407,0.10669975186104218,0.009925558312655087,0.04714640198511166,0.07444168734491315,0.06699751861042183,0.06451612903225806,0.08188585607940446,0.04218362282878412,0.062034739454094295,0.009925558312655087,0.02977667493796526
positive_independent.txt_Q99497,0.12698412698412698,0.015873015873015872,0.047619047619047616,0.07936507936507936,0.09523809523809523,0.015873015873015872,0.015873015873015872,0.05291005291005291,0.08465608465608465,0.09523809523809523,0.026455026455026454,0.031746031746031744,0.047619047619047616,0.021164021164021163,0.037037037037037035,0.047619047619047616,0.042328042328042326,0.10052910052910052,0.0,0.015873015873015872
positive_independent.txt_P68400,0.056265984654731455,0.005115089514066497,0.06905370843989769,0.056265984654731455,0.056265984654731455,0.03324808184143223,0.04092071611253197,0.05370843989769821,0.058823529411764705,0.08439897698209718,0.03836317135549872,0.043478260869565216,0.061381074168797956,0.030690537084398978,0.06649616368286446,0.0639386189258312,0.03324808184143223,0.07672634271099744,0.01278772378516624,0.058823529411764705
positive_independent.txt_P9WPB5,0.0728476821192053,0.013245033112582781,0.08278145695364239,0.0728476821192053,0.06622516556291391,0.052980132450331126,0.026490066225165563,0.04304635761589404,0.056291390728476824,0.09271523178807947,0.029801324503311258,0.026490066225165563,0.04304635761589404,0.033112582781456956,0.056291390728476824,0.052980132450331126,0.06291390728476821,0.046357615894039736,0.016556291390728478,0.052980132450331126
positive_independent.txt_P02743,0.04484304932735426,0.008968609865470852,0.04035874439461883,0.06278026905829596,0.06726457399103139,0.04932735426008968,0.017937219730941704,0.06278026905829596,0.053811659192825115,0.11210762331838565,0.008968609865470852,0.04035874439461883,0.05829596412556054,0.04035874439461883,0.04035874439461883,0.08520179372197309,0.04035874439461883,0.08520179372197309,0.026905829596412557,0.053811659192825115
positive_independent.txt_Q13370,0.06474820143884892,0.02877697841726619,0.04946043165467626,0.0737410071942446,0.06564748201438848,0.04136690647482014,0.02697841726618705,0.03866906474820144,0.03776978417266187,0.1196043165467626,0.014388489208633094,0.053057553956834536,0.06654676258992806,0.03776978417266187,0.06025179856115108,0.09712230215827339,0.03597122302158273,0.044964028776978415,0.02068345323741007,0.022482014388489208
positive_independent.txt_P46072,0.10550458715596331,0.013761467889908258,0.06880733944954129,0.0779816513761468,0.022935779816513763,0.04128440366972477,0.05045871559633028,0.06422018348623854,0.0779816513761468,0.0963302752293578,0.01834862385321101,0.045871559633027525,0.03669724770642202,0.03211009174311927,0.03211009174311927,0.08256880733944955,0.04128440366972477,0.045871559633027525,0.009174311926605505,0.03669724770642202
positive_independent.txt_P00183,0.0746987951807229,0.01927710843373494,0.05301204819277108,0.07951807228915662,0.060240963855421686,0.043373493975903614,0.03132530120481928,0.06265060240963856,0.02891566265060241,0.10120481927710843,0.02650602409638554,0.03132530120481928,0.07228915662650602,0.05542168674698795,0.06265060240963856,0.05783132530120482,0.04819277108433735,0.05783132530120482,0.012048192771084338,0.021686746987951807
positive_independent.txt_P12823,0.06611570247933884,0.016824085005903187,0.04043683589138135,0.06995277449822905,0.0808736717827627,0.029811097992916175,0.020070838252656435,0.06375442739079103,0.0628689492325856,0.09268004722550177,0.03778040141676505,0.03896103896103896,0.04279811097992916,0.029811097992916175,0.05873671782762692,0.05755608028335301,0.08028335301062574,0.06345926800472255,0.026564344746162927,0.02066115702479339
positive_independent.txt_O00204,0.043835616438356165,0.010958904109589041,0.06575342465753424,0.07123287671232877,0.07123287671232877,0.052054794520547946,0.019178082191780823,0.057534246575342465,0.052054794520547946,0.07671232876712329,0.024657534246575342,0.021917808219178082,0.10410958904109589,0.038356164383561646,0.0547945205479452,0.09315068493150686,0.043835616438356165,0.0410958904109589,0.024657534246575342,0.03287671232876712
positive_independent.txt_P0A0N5,0.0425531914893617,0.010638297872340425,0.015957446808510637,0.10638297872340426,0.0425531914893617,0.047872340425531915,0.015957446808510637,0.09042553191489362,0.12234042553191489,0.09042553191489362,0.015957446808510637,0.12234042553191489,0.005319148936170213,0.031914893617021274,0.010638297872340425,0.047872340425531915,0.05851063829787234,0.03723404255319149,0.015957446808510637,0.06914893617021277
positive_independent.txt_P07822,0.10810810810810811,0.0033783783783783786,0.057432432432432436,0.04391891891891892,0.060810810810810814,0.04391891891891892,0.016891891891891893,0.04391891891891892,0.02702702702702703,0.13175675675675674,0.0472972972972973,0.037162162162162164,0.07432432432432433,0.02702702702702703,0.06418918918918919,0.057432432432432436,0.04391891891891892,0.060810810810810814,0.02702702702702703,0.02364864864864865
positive_independent.txt_P37610,0.08833922261484099,0.0,0.05653710247349823,0.06713780918727916,0.04946996466431095,0.045936395759717315,0.04946996466431095,0.05653710247349823,0.03180212014134275,0.08833922261484099,0.007067137809187279,0.0353356890459364,0.07420494699646643,0.05653710247349823,0.07420494699646643,0.045936395759717315,0.06007067137809187,0.06007067137809187,0.02120141342756184,0.03180212014134275
positive_independent.txt_P54965,0.0425531914893617,0.015197568389057751,0.057750759878419454,0.060790273556231005,0.0668693009118541,0.05167173252279635,0.015197568389057751,0.07598784194528875,0.06990881458966565,0.08814589665653495,0.02735562310030395,0.1033434650455927,0.030395136778115502,0.0243161094224924,0.0243161094224924,0.0547112462006079,0.06990881458966565,0.0668693009118541,0.00911854103343465,0.04559270516717325
positive_independent.txt_P30405,0.05314009661835749,0.028985507246376812,0.04830917874396135,0.028985507246376812,0.12560386473429952,0.05314009661835749,0.024154589371980676,0.033816425120772944,0.07729468599033816,0.0821256038647343,0.01932367149758454,0.043478260869565216,0.05314009661835749,0.014492753623188406,0.04830917874396135,0.10628019323671498,0.05314009661835749,0.0821256038647343,0.00966183574879227,0.014492753623188406
positive_independent.txt_P04958,0.03954372623574144,0.0076045627376425855,0.06692015209125475,0.053231939163498096,0.04790874524714829,0.04258555133079848,0.01064638783269962,0.10190114068441064,0.08136882129277566,0.08669201520912548,0.019011406844106463,0.09201520912547528,0.0403041825095057,0.03269961977186312,0.028897338403041824,0.0752851711026616,0.05551330798479087,0.04790874524714829,0.00988593155893536,0.06007604562737642
positive_independent.txt_Q9L9D7,0.09930313588850175,0.006968641114982578,0.08536585365853659,0.047038327526132406,0.08885017421602788,0.036585365853658534,0.01916376306620209,0.04529616724738676,0.0156794425087108,0.08710801393728224,0.01916376306620209,0.033101045296167246,0.059233449477351915,0.02264808362369338,0.05574912891986063,0.06794425087108014,0.06445993031358885,0.09407665505226481,0.02264808362369338,0.029616724738675958
positive_independent.txt_P00722,0.0751953125,0.015625,0.0625,0.060546875,0.0693359375,0.037109375,0.033203125,0.0380859375,0.01953125,0.09375,0.0234375,0.0458984375,0.060546875,0.056640625,0.064453125,0.05859375,0.0546875,0.0625,0.0380859375,0.0302734375
positive_independent.txt_P04190,0.04669260700389105,0.007782101167315175,0.042801556420233464,0.0622568093385214,0.08949416342412451,0.019455252918287938,0.027237354085603113,0.058365758754863814,0.10116731517509728,0.11673151750972763,0.011673151750972763,0.06614785992217899,0.019455252918287938,0.027237354085603113,0.019455252918287938,0.0622568093385214,0.08171206225680934,0.10505836575875487,0.01556420233463035,0.019455252918287938
positive_independent.txt_P00808,0.11074918566775244,0.006514657980456026,0.0781758957654723,0.07166123778501629,0.05211726384364821,0.029315960912052116,0.003257328990228013,0.04560260586319218,0.09446254071661238,0.10749185667752444,0.019543973941368076,0.05537459283387622,0.03908794788273615,0.029315960912052116,0.048859934853420196,0.04560260586319218,0.0749185667752443,0.05537459283387622,0.013029315960912053,0.019543973941368076
positive_independent.txt_P22939,0.14046822742474915,0.013377926421404682,0.09364548494983277,0.04013377926421405,0.07692307692307693,0.026755852842809364,0.023411371237458192,0.05016722408026756,0.043478260869565216,0.13043478260869565,0.023411371237458192,0.016722408026755852,0.04013377926421405,0.06020066889632107,0.06020066889632107,0.05351170568561873,0.04013377926421405,0.046822742474916385,0.0,0.020066889632107024
positive_independent.txt_P39126,0.09929078014184398,0.004728132387706856,0.04964539007092199,0.09456264775413711,0.08747044917257683,0.03546099290780142,0.01182033096926714,0.0851063829787234,0.07565011820330969,0.06855791962174941,0.016548463356973995,0.05200945626477541,0.04018912529550828,0.02364066193853428,0.03309692671394799,0.04491725768321513,0.054373522458628844,0.07328605200945626,0.014184397163120567,0.03546099290780142
positive_independent.txt_P0A7E1,0.0744047619047619,0.011904761904761904,0.05952380952380952,0.050595238095238096,0.09523809523809523,0.03273809523809524,0.017857142857142856,0.08928571428571429,0.0625,0.10714285714285714,0.020833333333333332,0.05357142857142857,0.05654761904761905,0.041666666666666664,0.050595238095238096,0.03571428571428571,0.047619047619047616,0.0625,0.0,0.02976190476190476
positive_independent.txt_P27696,0.12701252236135957,0.0035778175313059034,0.059033989266547404,0.044722719141323794,0.07692307692307693,0.03220035778175313,0.01967799642218247,0.05008944543828265,0.03398926654740608,0.09302325581395349,0.03041144901610018,0.04114490161001789,0.0518783542039356,0.057245080500894455,0.05366726296958855,0.059033989266547404,0.03398926654740608,0.09838998211091235,0.01073345259391771,0.023255813953488372
positive_independent.txt_P08870,0.107981220657277,0.009389671361502348,0.056338028169014086,0.08450704225352113,0.09389671361502347,0.056338028169014086,0.023474178403755867,0.07042253521126761,0.056338028169014086,0.10328638497652583,0.018779342723004695,0.018779342723004695,0.028169014084507043,0.03286384976525822,0.06103286384976526,0.04225352112676056,0.04225352112676056,0.056338028169014086,0.0,0.03755868544600939
positive_independent.txt_P23367,0.12195121951219512,0.011382113821138212,0.04552845528455285,0.06991869918699187,0.05203252032520325,0.02113821138211382,0.027642276422764227,0.061788617886178863,0.03577235772357724,0.11382113821138211,0.011382113821138212,0.032520325203252036,0.07479674796747968,0.07317073170731707,0.06991869918699187,0.04715447154471545,0.03902439024390244,0.061788617886178863,0.011382113821138212,0.01788617886178862
positive_independent.txt_P9WI81,0.10862619808306709,0.003194888178913738,0.07348242811501597,0.04313099041533546,0.08146964856230032,0.023961661341853034,0.019169329073482427,0.052715654952076675,0.02875399361022364,0.0670926517571885,0.01597444089456869,0.04153354632587859,0.07188498402555911,0.038338658146964855,0.06070287539936102,0.06389776357827476,0.07348242811501597,0.10702875399361023,0.004792332268370607,0.020766773162939296
positive_independent.txt_P55055,0.07173913043478261,0.02826086956521739,0.04782608695652174,0.07608695652173914,0.0782608695652174,0.0391304347826087,0.015217391304347827,0.0391304347826087,0.05217391304347826,0.08260869565217391,0.021739130434782608,0.015217391304347827,0.0782608695652174,0.0782608695652174,0.07608695652173914,0.0891304347826087,0.03695652173913044,0.05,0.008695652173913044,0.015217391304347827
positive_independent.txt_P08164,0.07720588235294118,0.0,0.08455882352941177,0.08455882352941177,0.08823529411764706,0.03676470588235294,0.014705882352941176,0.04411764705882353,0.08823529411764706,0.09926470588235294,0.022058823529411766,0.011029411764705883,0.03308823529411765,0.06985294117647059,0.04411764705882353,0.05514705882352941,0.058823529411764705,0.04779411764705882,0.011029411764705883,0.029411764705882353
positive_independent.txt_P04075,0.11538461538461539,0.02197802197802198,0.038461538461538464,0.06593406593406594,0.08241758241758242,0.02197802197802198,0.024725274725274724,0.054945054945054944,0.07142857142857142,0.09340659340659341,0.01098901098901099,0.038461538461538464,0.0521978021978022,0.046703296703296704,0.04120879120879121,0.054945054945054944,0.06043956043956044,0.06043956043956044,0.008241758241758242,0.03571428571428571
positive_independent.txt_P23526,0.09027777777777778,0.023148148148148147,0.06018518518518518,0.0625,0.08564814814814815,0.02546296296296296,0.02546296296296296,0.07407407407407407,0.06712962962962964,0.08796296296296297,0.037037037037037035,0.046296296296296294,0.037037037037037035,0.03009259259259259,0.03935185185185185,0.032407407407407406,0.05555555555555555,0.07175925925925926,0.013888888888888888,0.034722222222222224
positive_independent.txt_P00751,0.04450261780104712,0.031413612565445025,0.060209424083769635,0.06282722513089005,0.08507853403141362,0.0274869109947644,0.02356020942408377,0.049738219895287955,0.0693717277486911,0.07591623036649214,0.015706806282722512,0.03926701570680628,0.05366492146596859,0.04712041884816754,0.049738219895287955,0.07329842931937172,0.056282722513089,0.07460732984293193,0.017015706806282723,0.04319371727748691
positive_independent.txt_P09874,0.06607495069033531,0.013806706114398421,0.0611439842209073,0.07396449704142012,0.07001972386587771,0.029585798816568046,0.01873767258382643,0.047337278106508875,0.1242603550295858,0.08875739644970414,0.02465483234714004,0.03550295857988166,0.04339250493096647,0.03353057199211045,0.03254437869822485,0.08382642998027613,0.04142011834319527,0.0670611439842209,0.01282051282051282,0.03155818540433925
positive_independent.txt_P9WNG3,0.1582089552238806,0.011940298507462687,0.06865671641791045,0.03880597014925373,0.10746268656716418,0.03582089552238806,0.011940298507462687,0.05970149253731343,0.020895522388059702,0.06865671641791045,0.029850746268656716,0.029850746268656716,0.050746268656716415,0.029850746268656716,0.05970149253731343,0.05373134328358209,0.06567164179104477,0.07164179104477612,0.008955223880597015,0.01791044776119403
positive_independent.txt_P53355,0.06433566433566433,0.024475524475524476,0.05944055944055944,0.06083916083916084,0.06083916083916084,0.03566433566433566,0.033566433566433566,0.05174825174825175,0.055944055944055944,0.11748251748251748,0.02027972027972028,0.04965034965034965,0.045454545454545456,0.03986013986013986,0.05384615384615385,0.07412587412587412,0.046153846153846156,0.06993006993006994,0.009790209790209791,0.026573426573426574
positive_independent.txt_P00322,0.043478260869565216,0.021739130434782608,0.06521739130434782,0.13768115942028986,0.10144927536231885,0.036231884057971016,0.0,0.10869565217391304,0.07246376811594203,0.057971014492753624,0.036231884057971016,0.057971014492753624,0.021739130434782608,0.014492753623188406,0.014492753623188406,0.057971014492753624,0.036231884057971016,0.07246376811594203,0.021739130434782608,0.021739130434782608
positive_independent.txt_P31224,0.10009532888465204,0.0019065776930409914,0.044804575786463297,0.047664442326024785,0.08484270734032412,0.05147759771210677,0.010486177311725452,0.06863679694947569,0.04099142040038131,0.09723546234509056,0.04003813155386082,0.037178265014299335,0.042897998093422304,0.04575786463298379,0.03622497616777884,0.05910390848427073,0.06387035271687322,0.09246901811248809,0.008579599618684462,0.025738798856053385
positive_independent.txt_Q9NZD2,0.09569377990430622,0.014354066985645933,0.03827751196172249,0.07655502392344497,0.0430622009569378,0.04784688995215311,0.019138755980861243,0.06698564593301436,0.0861244019138756,0.11483253588516747,0.028708133971291867,0.04784688995215311,0.05263157894736842,0.03827751196172249,0.028708133971291867,0.028708133971291867,0.05263157894736842,0.05741626794258373,0.014354066985645933,0.04784688995215311
positive_independent.txt_P05042,0.12205567451820129,0.014989293361884369,0.04068522483940043,0.07066381156316917,0.0728051391862955,0.023554603854389723,0.032119914346895075,0.047109207708779445,0.05139186295503212,0.11134903640256959,0.03854389721627409,0.055674518201284794,0.04068522483940043,0.03854389721627409,0.044967880085653104,0.059957173447537475,0.05353319057815846,0.06209850107066381,0.010706638115631691,0.008565310492505354
positive_independent.txt_P0A2Y7,0.07731958762886598,0.0,0.06443298969072164,0.08505154639175258,0.0979381443298969,0.020618556701030927,0.020618556701030927,0.06443298969072164,0.061855670103092786,0.06958762886597938,0.030927835051546393,0.03350515463917526,0.03865979381443299,0.03350515463917526,0.07216494845360824,0.04381443298969072,0.05670103092783505,0.09278350515463918,0.007731958762886598,0.028350515463917526
positive_independent.txt_Q02834,0.11282843894899536,0.0030911901081916537,0.06027820710973725,0.03400309119010819,0.1035548686244204,0.02627511591962906,0.015455950540958269,0.04173106646058733,0.012364760432766615,0.06646058732612056,0.00927357032457496,0.03400309119010819,0.07418856259659969,0.04791344667697063,0.07418856259659969,0.07882534775888717,0.08809891808346214,0.06800618238021638,0.015455950540958269,0.03400309119010819
positive_independent.txt_Q9X0N8,0.04090909090909091,0.004545454545454545,0.06818181818181818,0.08181818181818182,0.05454545454545454,0.06363636363636363,0.013636363636363636,0.05909090909090909,0.08636363636363636,0.10454545454545454,0.013636363636363636,0.04090909090909091,0.05454545454545454,0.013636363636363636,0.05909090909090909,0.045454545454545456,0.06363636363636363,0.08636363636363636,0.00909090909090909,0.03636363636363636
positive_independent.txt_P51161,0.03125,0.0,0.0390625,0.0859375,0.1015625,0.0625,0.0234375,0.046875,0.09375,0.0390625,0.046875,0.046875,0.0078125,0.0546875,0.0234375,0.0703125,0.09375,0.09375,0.0078125,0.03125
positive_independent.txt_Q8XB74,0.10179640718562874,0.0029940119760479044,0.05089820359281437,0.05089820359281437,0.0718562874251497,0.04790419161676647,0.020958083832335328,0.03592814371257485,0.06287425149700598,0.10778443113772455,0.020958083832335328,0.041916167664670656,0.08383233532934131,0.03293413173652695,0.05389221556886228,0.04790419161676647,0.04491017964071856,0.05688622754491018,0.023952095808383235,0.038922155688622756
positive_independent.txt_P0AFG8,0.08117249154453213,0.006764374295377677,0.058624577226606536,0.08004509582863585,0.08906426155580609,0.038331454340473504,0.02593010146561443,0.06426155580608793,0.05411499436302142,0.07891770011273957,0.02480270574971815,0.04284103720405862,0.040586245772266064,0.046223224351747465,0.0552423900789177,0.048478015783540024,0.04735062006764374,0.05749718151071026,0.012401352874859075,0.04735062006764374
positive_independent.txt_Q53ZE5,0.08038585209003216,0.00964630225080386,0.04180064308681672,0.07717041800643087,0.08681672025723473,0.06430868167202572,0.01607717041800643,0.08038585209003216,0.0707395498392283,0.10289389067524116,0.028938906752411574,0.05787781350482315,0.05466237942122187,0.03536977491961415,0.01607717041800643,0.05144694533762058,0.05144694533762058,0.03858520900321544,0.0,0.03536977491961415
positive_independent.txt_P03366,0.06703524533517623,0.013821700069108501,0.04284727021423635,0.0746371803731859,0.07394609536973047,0.024187975120939877,0.018659295093296474,0.07049067035245335,0.08707671043538355,0.07601935038009675,0.02073255010366275,0.04077401520387008,0.05459571527297857,0.06565307532826538,0.04630269523151347,0.043538355217691775,0.06219765031098825,0.06496199032480995,0.025570145127850726,0.026952315134761574
positive_independent.txt_P0C0X1,0.1619718309859155,0.0035211267605633804,0.07394366197183098,0.03873239436619718,0.1056338028169014,0.01056338028169014,0.02112676056338028,0.03873239436619718,0.017605633802816902,0.09507042253521127,0.017605633802816902,0.02112676056338028,0.056338028169014086,0.02464788732394366,0.07394366197183098,0.045774647887323945,0.035211267605633804,0.13028169014084506,0.017605633802816902,0.01056338028169014
positive_independent.txt_P0C0X2,0.14432989690721648,0.010309278350515464,0.06872852233676977,0.048109965635738834,0.09621993127147767,0.027491408934707903,0.024054982817869417,0.030927835051546393,0.013745704467353952,0.08934707903780069,0.024054982817869417,0.013745704467353952,0.037800687285223365,0.01718213058419244,0.08934707903780069,0.041237113402061855,0.08247422680412371,0.11683848797250859,0.013745704467353952,0.010309278350515464
positive_independent.txt_P02675,0.04684317718940937,0.024439918533604887,0.05702647657841141,0.06109979633401222,0.0855397148676171,0.024439918533604887,0.018329938900203666,0.032586558044806514,0.07331975560081466,0.07331975560081466,0.03665987780040733,0.06517311608961303,0.04684317718940937,0.05295315682281059,0.05702647657841141,0.06924643584521385,0.04684317718940937,0.05702647657841141,0.028513238289205704,0.04276985743380855
positive_independent.txt_P07711,0.07507507507507508,0.024024024024024024,0.04504504504504504,0.08708708708708708,0.0960960960960961,0.04804804804804805,0.021021021021021023,0.02702702702702703,0.06306306306306306,0.05405405405405406,0.04504504504504504,0.057057057057057055,0.036036036036036036,0.03903903903903904,0.03903903903903904,0.06906906906906907,0.042042042042042045,0.057057057057057055,0.02702702702702703,0.04804804804804805
positive_independent.txt_P02458,0.09011432414256892,0.012777404169468728,0.04169468728984533,0.0531271015467384,0.2730329522528581,0.016812373907195696,0.005379959650302623,0.022864828513786146,0.04505716207128446,0.03765971755211836,0.010759919300605245,0.02151983860121049,0.18157363819771352,0.04034969737726967,0.0484196368527236,0.03227975790181574,0.029589778076664425,0.025554808338937456,0.004707464694014795,0.006724949562878279
positive_independent.txt_P09486,0.0594059405940594,0.04950495049504951,0.07590759075907591,0.11221122112211221,0.0462046204620462,0.0462046204620462,0.039603960396039604,0.039603960396039604,0.066006600660066,0.09570957095709572,0.0165016501650165,0.0462046204620462,0.0594059405940594,0.033003300330033,0.033003300330033,0.0231023102310231,0.056105610561056105,0.066006600660066,0.013201320132013201,0.0231023102310231
positive_independent.txt_Q2TU84,0.08232445520581114,0.009685230024213076,0.04600484261501211,0.06537530266343826,0.06537530266343826,0.05569007263922518,0.021791767554479417,0.04600484261501211,0.05084745762711865,0.08958837772397095,0.014527845036319613,0.06053268765133172,0.05811138014527845,0.03631961259079903,0.053268765133171914,0.06537530266343826,0.053268765133171914,0.07506053268765134,0.021791767554479417,0.029055690072639227
positive_independent.txt_Q53ET4,0.10714285714285714,0.015873015873015872,0.057539682539682536,0.05555555555555555,0.07341269841269842,0.041666666666666664,0.025793650793650792,0.041666666666666664,0.04365079365079365,0.1111111111111111,0.021825396825396824,0.03373015873015873,0.047619047619047616,0.041666666666666664,0.07936507936507936,0.05952380952380952,0.047619047619047616,0.05555555555555555,0.007936507936507936,0.031746031746031744
positive_independent.txt_Q59GM9,0.07745664739884393,0.015028901734104046,0.06242774566473988,0.07052023121387284,0.056647398843930635,0.048554913294797684,0.027745664739884393,0.056647398843930635,0.06473988439306358,0.09595375722543352,0.024277456647398842,0.048554913294797684,0.046242774566473986,0.03236994219653179,0.06127167630057803,0.04161849710982659,0.04161849710982659,0.07630057803468208,0.013872832369942197,0.03815028901734104
positive_independent.txt_P05155,0.066,0.008,0.048,0.048,0.028,0.048,0.02,0.036,0.058,0.128,0.028,0.044,0.064,0.05,0.028,0.102,0.11,0.066,0.006,0.014
positive_independent.txt_P07237,0.09645669291338582,0.013779527559055118,0.08464566929133858,0.11023622047244094,0.05708661417322835,0.06496062992125984,0.021653543307086614,0.045275590551181105,0.09251968503937008,0.09055118110236221,0.00984251968503937,0.02952755905511811,0.04133858267716536,0.025590551181102362,0.031496062992125984,0.045275590551181105,0.045275590551181105,0.0610236220472441,0.00984251968503937,0.023622047244094488
positive_independent.txt_Q9BUP3,0.07024793388429752,0.01652892561983471,0.05785123966942149,0.08264462809917356,0.08677685950413223,0.05785123966942149,0.02066115702479339,0.01652892561983471,0.08677685950413223,0.1115702479338843,0.01652892561983471,0.03305785123966942,0.024793388429752067,0.028925619834710745,0.06611570247933884,0.07024793388429752,0.028925619834710745,0.09504132231404959,0.008264462809917356,0.02066115702479339
positive_independent.txt_Q14081,0.022727272727272728,0.022727272727272728,0.0,0.06818181818181818,0.18181818181818182,0.0,0.022727272727272728,0.022727272727272728,0.0,0.13636363636363635,0.022727272727272728,0.0,0.09090909090909091,0.022727272727272728,0.11363636363636363,0.06818181818181818,0.09090909090909091,0.022727272727272728,0.09090909090909091,0.0
positive_independent.txt_Q15185,0.025,0.03125,0.16875,0.08125,0.04375,0.05625,0.01875,0.025,0.075,0.06875,0.0375,0.06875,0.03125,0.01875,0.05,0.09375,0.01875,0.04375,0.03125,0.0125
positive_independent.txt_P39905,0.0947867298578199,0.037914691943127965,0.08530805687203792,0.04265402843601896,0.05687203791469194,0.03317535545023697,0.018957345971563982,0.037914691943127965,0.061611374407582936,0.0995260663507109,0.018957345971563982,0.04265402843601896,0.05687203791469194,0.02843601895734597,0.10900473933649289,0.061611374407582936,0.03317535545023697,0.052132701421800945,0.004739336492890996,0.023696682464454975
positive_independent.txt_Q27796,0.07239819004524888,0.00904977375565611,0.07239819004524888,0.07692307692307693,0.049773755656108594,0.04524886877828054,0.02262443438914027,0.058823529411764705,0.049773755656108594,0.08597285067873303,0.027149321266968326,0.02262443438914027,0.03619909502262444,0.013574660633484163,0.09954751131221719,0.05429864253393665,0.049773755656108594,0.09502262443438914,0.0,0.058823529411764705
positive_independent.txt_Q8VP84,0.13623188405797101,0.011594202898550725,0.0463768115942029,0.05217391304347826,0.0782608695652174,0.04057971014492753,0.02608695652173913,0.05217391304347826,0.034782608695652174,0.11594202898550725,0.020289855072463767,0.04057971014492753,0.05217391304347826,0.06666666666666667,0.05217391304347826,0.057971014492753624,0.0463768115942029,0.05217391304347826,0.0,0.017391304347826087
positive_independent.txt_Q9HU22,0.08532423208191127,0.0034129692832764505,0.05802047781569966,0.06143344709897611,0.09556313993174062,0.027303754266211604,0.017064846416382253,0.05802047781569966,0.04436860068259386,0.13651877133105803,0.013651877133105802,0.023890784982935155,0.051194539249146756,0.06143344709897611,0.04778156996587031,0.05460750853242321,0.04436860068259386,0.04778156996587031,0.010238907849829351,0.05802047781569966
positive_independent.txt_Q9WZW1,0.03754266211604096,0.0,0.07167235494880546,0.08191126279863481,0.08532423208191127,0.06825938566552901,0.013651877133105802,0.06143344709897611,0.08191126279863481,0.08191126279863481,0.023890784982935155,0.030716723549488054,0.030716723549488054,0.017064846416382253,0.08191126279863481,0.051194539249146756,0.023890784982935155,0.11604095563139932,0.0,0.040955631399317405
positive_independent.txt_P9WN39,0.08158995815899582,0.006276150627615063,0.07740585774058577,0.060669456066945605,0.07112970711297072,0.056485355648535567,0.029288702928870293,0.058577405857740586,0.04811715481171548,0.07740585774058577,0.02092050209205021,0.05230125523012552,0.06694560669456066,0.02510460251046025,0.043933054393305436,0.06694560669456066,0.0502092050209205,0.04602510460251046,0.010460251046025104,0.0502092050209205
positive_independent.txt_P9WN38,0.08158995815899582,0.006276150627615063,0.07740585774058577,0.060669456066945605,0.07112970711297072,0.056485355648535567,0.029288702928870293,0.058577405857740586,0.04811715481171548,0.07740585774058577,0.02092050209205021,0.05230125523012552,0.06694560669456066,0.02510460251046025,0.043933054393305436,0.06694560669456066,0.0502092050209205,0.04602510460251046,0.010460251046025104,0.0502092050209205
positive_independent.txt_Q8GEZ8,0.07369758576874205,0.017789072426937738,0.05717916137229987,0.0724269377382465,0.06734434561626429,0.048284625158831,0.016518424396442185,0.07750952986022872,0.08259212198221093,0.07369758576874205,0.015247776365946633,0.06861499364675985,0.03939008894536213,0.03939008894536213,0.03811944091486658,0.07115628970775095,0.04066073697585769,0.05590851334180432,0.007623888182973317,0.036848792884371026
positive_independent.txt_P9WQG9,0.12154696132596685,0.011049723756906077,0.07734806629834254,0.03314917127071823,0.08839779005524862,0.016574585635359115,0.049723756906077346,0.04419889502762431,0.0,0.09392265193370165,0.027624309392265192,0.0055248618784530384,0.03314917127071823,0.03867403314917127,0.09392265193370165,0.049723756906077346,0.0718232044198895,0.08287292817679558,0.03867403314917127,0.022099447513812154
positive_independent.txt_P41407,0.11940298507462686,0.0,0.06467661691542288,0.05472636815920398,0.06965174129353234,0.03980099502487562,0.014925373134328358,0.07462686567164178,0.05472636815920398,0.0945273631840796,0.014925373134328358,0.029850746268656716,0.04975124378109453,0.03482587064676617,0.03482587064676617,0.07462686567164178,0.05472636815920398,0.07960199004975124,0.004975124378109453,0.03482587064676617
positive_independent.txt_Q52437,0.1568627450980392,0.00980392156862745,0.06862745098039216,0.04411764705882353,0.09068627450980392,0.022058823529411766,0.014705882352941176,0.03431372549019608,0.0196078431372549,0.11274509803921569,0.012254901960784314,0.014705882352941176,0.05392156862745098,0.0392156862745098,0.08333333333333333,0.0392156862745098,0.058823529411764705,0.09558823529411764,0.00980392156862745,0.0196078431372549
positive_independent.txt_Q7SID9,0.0944741532976827,0.008912655971479501,0.049910873440285206,0.05169340463458111,0.0873440285204991,0.0374331550802139,0.0196078431372549,0.049910873440285206,0.035650623885918005,0.0659536541889483,0.0213903743315508,0.0570409982174688,0.0855614973262032,0.026737967914438502,0.044563279857397504,0.0427807486631016,0.08912655971479501,0.0677361853832442,0.0338680926916221,0.030303030303030304
positive_independent.txt_P05655,0.0613107822410148,0.0,0.07822410147991543,0.042283298097251586,0.07399577167019028,0.0507399577167019,0.019027484143763214,0.048625792811839326,0.09302325581395349,0.06765327695560254,0.021141649048625793,0.06553911205073996,0.02536997885835095,0.0507399577167019,0.019027484143763214,0.0824524312896406,0.08456659619450317,0.052854122621564484,0.010570824524312896,0.052854122621564484
positive_independent.txt_O67135,0.064,0.013333333333333334,0.050666666666666665,0.10133333333333333,0.08,0.058666666666666666,0.021333333333333333,0.04533333333333334,0.088,0.12,0.016,0.048,0.04533333333333334,0.016,0.04,0.04533333333333334,0.032,0.056,0.008,0.050666666666666665
positive_independent.txt_O68601,0.10833333333333334,0.002777777777777778,0.05277777777777778,0.041666666666666664,0.1,0.03333333333333333,0.041666666666666664,0.03333333333333333,0.06111111111111111,0.08611111111111111,0.03333333333333333,0.03888888888888889,0.07222222222222222,0.03333333333333333,0.030555555555555555,0.025,0.08611111111111111,0.07222222222222222,0.016666666666666666,0.030555555555555555
positive_independent.txt_Q59976,0.13987473903966596,0.0041753653444676405,0.07933194154488518,0.04592901878914405,0.08977035490605428,0.031315240083507306,0.037578288100208766,0.022964509394572025,0.016701461377870562,0.09394572025052192,0.008350730688935281,0.025052192066805846,0.06889352818371608,0.025052192066805846,0.07515657620041753,0.04592901878914405,0.06263048016701461,0.05845511482254697,0.029227557411273485,0.03966597077244259
positive_independent.txt_Q9ZEU2,0.08490566037735849,0.009433962264150943,0.07389937106918239,0.040880503144654086,0.06761006289308176,0.050314465408805034,0.029874213836477988,0.05188679245283019,0.026729559748427674,0.10220125786163523,0.025157232704402517,0.05817610062893082,0.04716981132075472,0.05660377358490566,0.05817610062893082,0.05188679245283019,0.04559748427672956,0.05188679245283019,0.02358490566037736,0.0440251572327044
positive_independent.txt_O00244,0.04411764705882353,0.04411764705882353,0.058823529411764705,0.07352941176470588,0.08823529411764706,0.014705882352941176,0.029411764705882353,0.029411764705882353,0.11764705882352941,0.11764705882352941,0.04411764705882353,0.029411764705882353,0.029411764705882353,0.0,0.014705882352941176,0.07352941176470588,0.07352941176470588,0.08823529411764706,0.0,0.029411764705882353
positive_independent.txt_P83689,0.08517350157728706,0.012618296529968454,0.0473186119873817,0.05993690851735016,0.05993690851735016,0.05362776025236593,0.0,0.06624605678233439,0.04100946372239748,0.0946372239747634,0.031545741324921134,0.05993690851735016,0.06624605678233439,0.0694006309148265,0.04100946372239748,0.03785488958990536,0.07255520504731862,0.06309148264984227,0.015772870662460567,0.022082018927444796
positive_independent.txt_P22340,0.10693069306930693,0.0,0.07326732673267326,0.041584158415841586,0.100990099009901,0.047524752475247525,0.015841584158415842,0.033663366336633666,0.04950495049504951,0.07920792079207921,0.023762376237623763,0.06534653465346535,0.019801980198019802,0.047524752475247525,0.05148514851485148,0.08118811881188119,0.06336633663366337,0.03762376237623762,0.02178217821782178,0.039603960396039604
positive_independent.txt_P12488,0.051643192488262914,0.02464788732394366,0.035211267605633804,0.056338028169014086,0.06807511737089202,0.03286384976525822,0.014084507042253521,0.07394366197183098,0.0528169014084507,0.09859154929577464,0.02699530516431925,0.07276995305164319,0.035211267605633804,0.04342723004694836,0.06455399061032864,0.0539906103286385,0.07042253521126761,0.06572769953051644,0.03286384976525822,0.025821596244131457
positive_independent.txt_Q9KQN0,0.08839779005524862,0.0,0.049723756906077346,0.06629834254143646,0.06077348066298342,0.06629834254143646,0.04419889502762431,0.06629834254143646,0.04419889502762431,0.09944751381215469,0.03314917127071823,0.027624309392265192,0.03867403314917127,0.06629834254143646,0.03867403314917127,0.08287292817679558,0.049723756906077346,0.04419889502762431,0.011049723756906077,0.022099447513812154
positive_independent.txt_P55038,0.09125964010282776,0.012853470437017995,0.05141388174807198,0.06555269922879177,0.09447300771208227,0.028277634961439587,0.02313624678663239,0.05334190231362468,0.04627249357326478,0.10475578406169665,0.02442159383033419,0.04820051413881748,0.04820051413881748,0.043059125964010285,0.04627249357326478,0.05462724935732648,0.04884318766066838,0.07262210796915167,0.010282776349614395,0.032133676092544985
positive_independent.txt_P02749,0.05507246376811594,0.06666666666666667,0.04057971014492753,0.057971014492753624,0.06666666666666667,0.057971014492753624,0.017391304347826087,0.0463768115942029,0.08695652173913043,0.057971014492753624,0.014492753623188406,0.04057971014492753,0.0927536231884058,0.011594202898550725,0.028985507246376812,0.06666666666666667,0.0782608695652174,0.057971014492753624,0.014492753623188406,0.04057971014492753
positive_independent.txt_P08887,0.07905982905982906,0.02564102564102564,0.042735042735042736,0.04700854700854701,0.05555555555555555,0.03632478632478633,0.023504273504273504,0.019230769230769232,0.03205128205128205,0.09615384615384616,0.014957264957264958,0.029914529914529916,0.09615384615384616,0.042735042735042736,0.06837606837606838,0.10897435897435898,0.06196581196581197,0.07478632478632478,0.02564102564102564,0.019230769230769232
positive_independent.txt_P10632,0.03469387755102041,0.02857142857142857,0.05102040816326531,0.053061224489795916,0.05510204081632653,0.06938775510204082,0.024489795918367346,0.0653061224489796,0.0673469387755102,0.09795918367346938,0.024489795918367346,0.061224489795918366,0.05918367346938776,0.030612244897959183,0.05510204081632653,0.05714285714285714,0.06326530612244897,0.07346938775510205,0.006122448979591836,0.022448979591836733
positive_independent.txt_P00091,0.1510791366906475,0.014388489208633094,0.050359712230215826,0.02158273381294964,0.09352517985611511,0.03597122302158273,0.014388489208633094,0.03597122302158273,0.10071942446043165,0.09352517985611511,0.02877697841726619,0.05755395683453238,0.02158273381294964,0.03597122302158273,0.02158273381294964,0.04316546762589928,0.07913669064748201,0.07194244604316546,0.007194244604316547,0.02158273381294964
positive_independent.txt_Q8GGK7,0.10989010989010989,0.07692307692307693,0.04395604395604396,0.06593406593406594,0.12087912087912088,0.04395604395604396,0.06593406593406594,0.03296703296703297,0.2087912087912088,0.04395604395604396,0.03296703296703297,0.01098901098901099,0.04395604395604396,0.01098901098901099,0.0,0.02197802197802198,0.01098901098901099,0.054945054945054944,0.0,0.0
positive_independent.txt_P83787,0.0950920245398773,0.012269938650306749,0.049079754601226995,0.08895705521472393,0.07975460122699386,0.049079754601226995,0.015337423312883436,0.03374233128834356,0.03987730061349693,0.07668711656441718,0.027607361963190184,0.05521472392638037,0.08282208588957055,0.024539877300613498,0.03374233128834356,0.06134969325153374,0.06441717791411043,0.0736196319018405,0.009202453987730062,0.027607361963190184
positive_independent.txt_Q7SIE2,0.0430622009569378,0.004784688995215311,0.03827751196172249,0.028708133971291867,0.11483253588516747,0.03349282296650718,0.019138755980861243,0.06220095693779904,0.0430622009569378,0.0430622009569378,0.023923444976076555,0.10526315789473684,0.03349282296650718,0.0430622009569378,0.03827751196172249,0.08133971291866028,0.08133971291866028,0.06698564593301436,0.03349282296650718,0.06220095693779904
positive_independent.txt_P00138,0.1889763779527559,0.015748031496062992,0.07874015748031496,0.031496062992125984,0.07086614173228346,0.047244094488188976,0.015748031496062992,0.023622047244094488,0.10236220472440945,0.06299212598425197,0.015748031496062992,0.015748031496062992,0.047244094488188976,0.06299212598425197,0.03937007874015748,0.05511811023622047,0.031496062992125984,0.05511811023622047,0.015748031496062992,0.023622047244094488
positive_independent.txt_P13299,0.044897959183673466,0.036734693877551024,0.044897959183673466,0.061224489795918366,0.061224489795918366,0.04897959183673469,0.0326530612244898,0.08163265306122448,0.1510204081632653,0.044897959183673466,0.012244897959183673,0.07346938775510205,0.024489795918367346,0.012244897959183673,0.04897959183673469,0.09387755102040816,0.04081632653061224,0.0326530612244898,0.02040816326530612,0.0326530612244898
positive_independent.txt_Q888A4,0.13719512195121952,0.01524390243902439,0.054878048780487805,0.04573170731707317,0.08231707317073171,0.03353658536585366,0.039634146341463415,0.036585365853658534,0.021341463414634148,0.09146341463414634,0.027439024390243903,0.01524390243902439,0.054878048780487805,0.051829268292682924,0.06707317073170732,0.0701219512195122,0.051829268292682924,0.054878048780487805,0.036585365853658534,0.012195121951219513
positive_independent.txt_Q9RA47,0.11790393013100436,0.0,0.026200873362445413,0.09170305676855896,0.08733624454148471,0.06986899563318777,0.026200873362445413,0.039301310043668124,0.03056768558951965,0.09606986899563319,0.013100436681222707,0.017467248908296942,0.07423580786026202,0.021834061135371178,0.1091703056768559,0.06550218340611354,0.026200873362445413,0.056768558951965066,0.004366812227074236,0.026200873362445413
positive_independent.txt_P9WIQ1,0.09523809523809523,0.0,0.07518796992481203,0.06015037593984962,0.06766917293233082,0.05764411027568922,0.03007518796992481,0.03508771929824561,0.02756892230576441,0.08270676691729323,0.02506265664160401,0.03258145363408521,0.05513784461152882,0.045112781954887216,0.07769423558897243,0.03007518796992481,0.06766917293233082,0.06015037593984962,0.012531328320802004,0.06265664160401002
positive_independent.txt_Q51225,0.13973063973063973,0.013468013468013467,0.06397306397306397,0.06902356902356903,0.1127946127946128,0.020202020202020204,0.020202020202020204,0.06902356902356903,0.06734006734006734,0.06397306397306397,0.02356902356902357,0.026936026936026935,0.05387205387205387,0.021885521885521887,0.030303030303030304,0.030303030303030304,0.045454545454545456,0.10101010101010101,0.005050505050505051,0.021885521885521887
positive_independent.txt_Q72JJ3,0.12860892388451445,0.0026246719160104987,0.028871391076115485,0.10236220472440945,0.08398950131233596,0.03412073490813648,0.02099737532808399,0.07349081364829396,0.05511811023622047,0.08923884514435695,0.026246719160104987,0.028871391076115485,0.04461942257217848,0.04199475065616798,0.05774278215223097,0.023622047244094488,0.03937007874015748,0.07086614173228346,0.010498687664041995,0.03674540682414698
positive_independent.txt_Q9KIE5,0.17759562841530055,0.01912568306010929,0.05737704918032787,0.060109289617486336,0.10382513661202186,0.01366120218579235,0.03551912568306011,0.01639344262295082,0.01912568306010929,0.10109289617486339,0.02459016393442623,0.00273224043715847,0.03278688524590164,0.030054644808743168,0.07650273224043716,0.060109289617486336,0.04644808743169399,0.09562841530054644,0.01639344262295082,0.01092896174863388
positive_independent.txt_Q9S427,0.04986149584487535,0.008310249307479225,0.06371191135734072,0.05263157894736842,0.07756232686980609,0.030470914127423823,0.0332409972299169,0.0664819944598338,0.055401662049861494,0.12742382271468145,0.024930747922437674,0.060941828254847646,0.0221606648199446,0.0443213296398892,0.04155124653739612,0.05817174515235457,0.06371191135734072,0.060941828254847646,0.01662049861495845,0.04155124653739612
positive_independent.txt_P30197,0.027624309392265192,0.022099447513812154,0.055248618784530384,0.04419889502762431,0.027624309392265192,0.049723756906077346,0.022099447513812154,0.11049723756906077,0.0718232044198895,0.11602209944751381,0.027624309392265192,0.15469613259668508,0.04419889502762431,0.016574585635359115,0.016574585635359115,0.049723756906077346,0.03867403314917127,0.06077348066298342,0.0055248618784530384,0.03867403314917127
positive_independent.txt_Q8DW21,0.135,0.0,0.045,0.08,0.05,0.065,0.01,0.05,0.06,0.095,0.02,0.05,0.04,0.075,0.03,0.06,0.03,0.055,0.02,0.03
positive_independent.txt_O34974,0.08597285067873303,0.0,0.05656108597285068,0.07692307692307693,0.07692307692307693,0.07013574660633484,0.03619909502262444,0.06787330316742081,0.04751131221719457,0.07013574660633484,0.011312217194570135,0.038461538461538464,0.04751131221719457,0.038461538461538464,0.058823529411764705,0.07239819004524888,0.06108597285067873,0.049773755656108594,0.011312217194570135,0.02262443438914027
positive_independent.txt_Q9WXV1,0.0718954248366013,0.006535947712418301,0.032679738562091505,0.11437908496732026,0.0718954248366013,0.06209150326797386,0.013071895424836602,0.05555555555555555,0.09477124183006536,0.08823529411764706,0.02287581699346405,0.0196078431372549,0.029411764705882353,0.0196078431372549,0.08169934640522876,0.05555555555555555,0.0392156862745098,0.08169934640522876,0.016339869281045753,0.02287581699346405
positive_independent.txt_P50618,0.05384615384615385,0.0,0.06153846153846154,0.046153846153846156,0.05384615384615385,0.06923076923076923,0.023076923076923078,0.038461538461538464,0.08461538461538462,0.06153846153846154,0.023076923076923078,0.038461538461538464,0.03076923076923077,0.06923076923076923,0.03076923076923077,0.07692307692307693,0.08461538461538462,0.12307692307692308,0.007692307692307693,0.023076923076923078
positive_independent.txt_P69772,0.116751269035533,0.005076142131979695,0.04568527918781726,0.05583756345177665,0.07106598984771574,0.025380710659898477,0.03553299492385787,0.04060913705583756,0.030456852791878174,0.10152284263959391,0.05583756345177665,0.030456852791878174,0.06598984771573604,0.030456852791878174,0.06091370558375635,0.050761421319796954,0.05583756345177665,0.09137055837563451,0.01015228426395939,0.02030456852791878
positive_independent.txt_P20932,0.09414758269720101,0.01272264631043257,0.06870229007633588,0.043256997455470736,0.08142493638676845,0.02544529262086514,0.02544529262086514,0.03816793893129771,0.04834605597964377,0.13231552162849872,0.027989821882951654,0.030534351145038167,0.03816793893129771,0.043256997455470736,0.06870229007633588,0.061068702290076333,0.04580152671755725,0.07124681933842239,0.017811704834605598,0.02544529262086514
positive_independent.txt_O07529,0.10344827586206896,0.0,0.034482758620689655,0.07471264367816093,0.07471264367816093,0.028735632183908046,0.022988505747126436,0.05747126436781609,0.06896551724137931,0.11494252873563218,0.034482758620689655,0.06321839080459771,0.040229885057471264,0.028735632183908046,0.034482758620689655,0.05747126436781609,0.034482758620689655,0.09770114942528736,0.0,0.028735632183908046
positive_independent.txt_Q746I8,0.14457831325301204,0.006024096385542169,0.03313253012048193,0.09939759036144578,0.10240963855421686,0.02710843373493976,0.015060240963855422,0.030120481927710843,0.03313253012048193,0.16265060240963855,0.015060240963855422,0.018072289156626505,0.04819277108433735,0.015060240963855422,0.0963855421686747,0.015060240963855422,0.0391566265060241,0.07530120481927711,0.009036144578313253,0.015060240963855422
positive_independent.txt_P16099,0.08493150684931507,0.01643835616438356,0.06301369863013699,0.07260273972602739,0.08904109589041095,0.026027397260273973,0.03287671232876712,0.06301369863013699,0.056164383561643834,0.06438356164383562,0.023287671232876714,0.03287671232876712,0.05342465753424658,0.03424657534246575,0.0589041095890411,0.049315068493150684,0.0547945205479452,0.06027397260273973,0.021917808219178082,0.04246575342465753
positive_independent.txt_Q9F0J6,0.0945273631840796,0.017412935323383085,0.04975124378109453,0.06218905472636816,0.06965174129353234,0.04228855721393035,0.03731343283582089,0.06218905472636816,0.06716417910447761,0.07213930348258707,0.03233830845771144,0.02736318407960199,0.04477611940298507,0.03980099502487562,0.02736318407960199,0.05472636815920398,0.06716417910447761,0.07213930348258707,0.01990049751243781,0.03980099502487562
positive_independent.txt_Q51990,0.10875331564986737,0.007957559681697613,0.0636604774535809,0.06896551724137931,0.10610079575596817,0.050397877984084884,0.01856763925729443,0.03978779840848806,0.013262599469496022,0.08488063660477453,0.013262599469496022,0.034482758620689655,0.07427055702917772,0.042440318302387266,0.07692307692307693,0.03713527851458886,0.05570291777188329,0.05570291777188329,0.010610079575596816,0.03713527851458886
positive_independent.txt_Q51793,0.08558558558558559,0.0045045045045045045,0.04054054054054054,0.07207207207207207,0.07657657657657657,0.018018018018018018,0.02252252252252252,0.03153153153153153,0.02252252252252252,0.11261261261261261,0.02252252252252252,0.036036036036036036,0.06756756756756757,0.06306306306306306,0.0990990990990991,0.08108108108108109,0.04054054054054054,0.05405405405405406,0.02702702702702703,0.02252252252252252
positive_independent.txt_O25926,0.06278026905829596,0.017937219730941704,0.06053811659192825,0.08744394618834081,0.04932735426008968,0.03139013452914798,0.020179372197309416,0.08968609865470852,0.09417040358744394,0.1210762331838565,0.017937219730941704,0.03587443946188341,0.033632286995515695,0.04708520179372197,0.042600896860986545,0.06278026905829596,0.04035874439461883,0.05829596412556054,0.002242152466367713,0.02466367713004484
positive_independent.txt_Q05397,0.06273764258555133,0.013307984790874524,0.05038022813688213,0.07984790874524715,0.057034220532319393,0.028517110266159697,0.025665399239543727,0.055133079847908745,0.05988593155893536,0.09505703422053231,0.03231939163498099,0.034220532319391636,0.0655893536121673,0.051330798479087454,0.058935361216730035,0.07699619771863118,0.04847908745247148,0.055133079847908745,0.013307984790874524,0.03612167300380228
positive_independent.txt_O43252,0.07371794871794872,0.022435897435897436,0.05608974358974359,0.07692307692307693,0.07371794871794872,0.035256410256410256,0.03205128205128205,0.03365384615384615,0.0625,0.09455128205128205,0.03205128205128205,0.04006410256410257,0.052884615384615384,0.04006410256410257,0.060897435897435896,0.028846153846153848,0.052884615384615384,0.07852564102564102,0.017628205128205128,0.035256410256410256
positive_independent.txt_P15531,0.05263157894736842,0.019736842105263157,0.05263157894736842,0.08552631578947369,0.09868421052631579,0.05263157894736842,0.02631578947368421,0.06578947368421052,0.06578947368421052,0.07236842105263158,0.03289473684210526,0.03289473684210526,0.039473684210526314,0.03289473684210526,0.05263157894736842,0.046052631578947366,0.03289473684210526,0.09210526315789473,0.019736842105263157,0.02631578947368421
positive_independent.txt_P49763,0.05429864253393665,0.049773755656108594,0.03167420814479638,0.07239819004524888,0.06334841628959276,0.03619909502262444,0.02262443438914027,0.00904977375565611,0.027149321266968326,0.09049773755656108,0.04072398190045249,0.01809954751131222,0.11312217194570136,0.04524886877828054,0.09502262443438914,0.09049773755656108,0.02262443438914027,0.08597285067873303,0.01809954751131222,0.013574660633484163
positive_independent.txt_Q96FI4,0.07948717948717948,0.020512820512820513,0.035897435897435895,0.07179487179487179,0.07948717948717948,0.04358974358974359,0.017948717948717947,0.02564102564102564,0.06153846153846154,0.10256410256410256,0.010256410256410256,0.017948717948717947,0.09743589743589744,0.05641025641025641,0.10512820512820513,0.07435897435897436,0.028205128205128206,0.04358974358974359,0.010256410256410256,0.017948717948717947
positive_independent.txt_O31168,0.12949640287769784,0.0,0.07194244604316546,0.05755395683453238,0.08273381294964029,0.06474820143884892,0.025179856115107913,0.039568345323741004,0.02158273381294964,0.08992805755395683,0.007194244604316547,0.03597122302158273,0.046762589928057555,0.02158273381294964,0.046762589928057555,0.0539568345323741,0.07913669064748201,0.06474820143884892,0.014388489208633094,0.046762589928057555
positive_independent.txt_Q52546,0.06493506493506493,0.012987012987012988,0.05627705627705628,0.06493506493506493,0.04329004329004329,0.047619047619047616,0.021645021645021644,0.05194805194805195,0.08225108225108226,0.11688311688311688,0.030303030303030304,0.030303030303030304,0.025974025974025976,0.04329004329004329,0.07792207792207792,0.05627705627705628,0.05627705627705628,0.0735930735930736,0.004329004329004329,0.03896103896103896
positive_independent.txt_O43617,0.06111111111111111,0.016666666666666666,0.07222222222222222,0.08333333333333333,0.06666666666666667,0.05,0.011111111111111112,0.05555555555555555,0.05,0.10555555555555556,0.03888888888888889,0.06111111111111111,0.027777777777777776,0.027777777777777776,0.06111111111111111,0.06111111111111111,0.05,0.07222222222222222,0.005555555555555556,0.022222222222222223
positive_independent.txt_Q9X1H9,0.04861111111111111,0.003472222222222222,0.0625,0.10069444444444445,0.06597222222222222,0.03125,0.010416666666666666,0.06597222222222222,0.09375,0.09027777777777778,0.020833333333333332,0.03125,0.04513888888888889,0.006944444444444444,0.059027777777777776,0.0625,0.03819444444444445,0.11458333333333333,0.006944444444444444,0.041666666666666664
positive_independent.txt_P36275,0.14782608695652175,0.0,0.034782608695652174,0.06956521739130435,0.08695652173913043,0.02608695652173913,0.034782608695652174,0.043478260869565216,0.05217391304347826,0.08695652173913043,0.017391304347826087,0.017391304347826087,0.06086956521739131,0.017391304347826087,0.017391304347826087,0.0782608695652174,0.11304347826086956,0.06086956521739131,0.017391304347826087,0.017391304347826087
positive_independent.txt_Q9Y3R4,0.10263157894736842,0.021052631578947368,0.04473684210526316,0.05,0.06315789473684211,0.039473684210526314,0.03684210526315789,0.02368421052631579,0.021052631578947368,0.10263157894736842,0.010526315789473684,0.015789473684210527,0.08157894736842106,0.0868421052631579,0.06315789473684211,0.07105263157894737,0.05263157894736842,0.060526315789473685,0.018421052631578946,0.034210526315789476
positive_independent.txt_P12429,0.07120743034055728,0.009287925696594427,0.09287925696594428,0.06811145510835913,0.06811145510835913,0.034055727554179564,0.021671826625386997,0.07430340557275542,0.0804953560371517,0.10835913312693499,0.018575851393188854,0.021671826625386997,0.018575851393188854,0.034055727554179564,0.058823529411764705,0.07430340557275542,0.06191950464396285,0.04024767801857585,0.006191950464396285,0.03715170278637771
positive_independent.txt_P69924,0.05851063829787234,0.013297872340425532,0.06648936170212766,0.0851063829787234,0.034574468085106384,0.04521276595744681,0.02127659574468085,0.07446808510638298,0.0425531914893617,0.09840425531914894,0.023936170212765957,0.04521276595744681,0.034574468085106384,0.061170212765957445,0.04521276595744681,0.06914893617021277,0.05319148936170213,0.06648936170212766,0.018617021276595744,0.0425531914893617
positive_independent.txt_P02943,0.08968609865470852,0.004484304932735426,0.07399103139013453,0.04708520179372197,0.10986547085201794,0.04484304932735426,0.013452914798206279,0.04484304932735426,0.04484304932735426,0.04932735426008968,0.03587443946188341,0.06950672645739911,0.020179372197309416,0.04932735426008968,0.03811659192825112,0.06278026905829596,0.05605381165919283,0.053811659192825115,0.042600896860986545,0.04932735426008968
positive_independent.txt_P11922,0.09137055837563451,0.0040609137055837565,0.05380710659898477,0.03756345177664975,0.0751269035532995,0.04263959390862944,0.01015228426395939,0.046700507614213196,0.03553299492385787,0.08223350253807106,0.019289340101522844,0.0649746192893401,0.04365482233502538,0.05177664974619289,0.03451776649746193,0.08934010152284264,0.09340101522842639,0.07614213197969544,0.014213197969543147,0.03350253807106599
positive_independent.txt_P10930,0.08349146110056926,0.0056925996204933585,0.04554079696394687,0.04554079696394687,0.1062618595825427,0.026565464895635674,0.011385199240986717,0.06261859582542695,0.030360531309297913,0.05313092979127135,0.017077798861480076,0.07400379506641366,0.04554079696394687,0.04364326375711575,0.051233396584440226,0.08349146110056926,0.1062618595825427,0.06451612903225806,0.009487666034155597,0.03415559772296015
positive_independent.txt_Q2QJL3,0.1813186813186813,0.005494505494505495,0.038461538461538464,0.054945054945054944,0.07692307692307693,0.0,0.02197802197802198,0.054945054945054944,0.02197802197802198,0.12087912087912088,0.03296703296703297,0.02197802197802198,0.07142857142857142,0.016483516483516484,0.04945054945054945,0.08241758241758242,0.06043956043956044,0.06043956043956044,0.016483516483516484,0.01098901098901099
positive_independent.txt_P38516,0.04680851063829787,0.0,0.06382978723404255,0.05106382978723404,0.07659574468085106,0.01276595744680851,0.01702127659574468,0.0425531914893617,0.11914893617021277,0.1148936170212766,0.029787234042553193,0.06382978723404255,0.0425531914893617,0.02127659574468085,0.06808510638297872,0.059574468085106386,0.03829787234042553,0.0851063829787234,0.02127659574468085,0.02553191489361702
positive_independent.txt_P03277,0.07128099173553719,0.007231404958677686,0.06714876033057851,0.0506198347107438,0.06611570247933884,0.04648760330578512,0.015495867768595042,0.03615702479338843,0.040289256198347105,0.07747933884297521,0.029958677685950414,0.07747933884297521,0.060950413223140494,0.04132231404958678,0.047520661157024795,0.06611570247933884,0.06921487603305786,0.056818181818181816,0.013429752066115703,0.058884297520661155
positive_independent.txt_O33833,0.027777777777777776,0.011574074074074073,0.06018518518518518,0.09722222222222222,0.0763888888888889,0.05787037037037037,0.02546296296296296,0.04861111111111111,0.06944444444444445,0.08101851851851852,0.020833333333333332,0.05324074074074074,0.03935185185185185,0.011574074074074073,0.05092592592592592,0.06481481481481481,0.05324074074074074,0.08564814814814815,0.02546296296296296,0.03935185185185185
positive_independent.txt_A0A384KMD8,0.07511737089201878,0.004694835680751174,0.04225352112676056,0.107981220657277,0.03755868544600939,0.046948356807511735,0.023474178403755867,0.046948356807511735,0.03286384976525822,0.12206572769953052,0.04225352112676056,0.023474178403755867,0.06103286384976526,0.028169014084507043,0.07511737089201878,0.06572769953051644,0.046948356807511735,0.07042253521126761,0.009389671361502348,0.03755868544600939
positive_independent.txt_Q9HB21,0.05693069306930693,0.017326732673267328,0.05693069306930693,0.06683168316831684,0.04950495049504951,0.039603960396039604,0.017326732673267328,0.04455445544554455,0.07920792079207921,0.0594059405940594,0.022277227722772276,0.05198019801980198,0.06435643564356436,0.05198019801980198,0.0594059405940594,0.09653465346534654,0.04950495049504951,0.07673267326732673,0.009900990099009901,0.0297029702970297
positive_independent.txt_P21408,0.13313609467455623,0.0,0.047337278106508875,0.038461538461538464,0.08284023668639054,0.03550295857988166,0.014792899408284023,0.038461538461538464,0.07692307692307693,0.10059171597633136,0.020710059171597635,0.05029585798816568,0.04437869822485207,0.05325443786982249,0.020710059171597635,0.07692307692307693,0.04142011834319527,0.07692307692307693,0.01775147928994083,0.029585798816568046
positive_independent.txt_Q9WZ40,0.09523809523809523,0.003401360544217687,0.061224489795918366,0.09863945578231292,0.08163265306122448,0.04421768707482993,0.017006802721088437,0.07142857142857142,0.09863945578231292,0.11224489795918367,0.013605442176870748,0.023809523809523808,0.034013605442176874,0.017006802721088437,0.03741496598639456,0.02040816326530612,0.06802721088435375,0.09523809523809523,0.003401360544217687,0.003401360544217687
positive_independent.txt_Q9X286,0.06338028169014084,0.0,0.07746478873239436,0.1267605633802817,0.028169014084507043,0.04225352112676056,0.014084507042253521,0.09154929577464789,0.09154929577464789,0.11267605633802817,0.02112676056338028,0.035211267605633804,0.02112676056338028,0.014084507042253521,0.1056338028169014,0.035211267605633804,0.035211267605633804,0.04225352112676056,0.007042253521126761,0.035211267605633804
positive_independent.txt_P07360,0.1188118811881188,0.01485148514851485,0.04455445544554455,0.04455445544554455,0.07425742574257425,0.054455445544554455,0.024752475247524754,0.019801980198019802,0.024752475247524754,0.1188118811881188,0.009900990099009901,0.0049504950495049506,0.04950495049504951,0.08415841584158416,0.07425742574257425,0.054455445544554455,0.0594059405940594,0.08415841584158416,0.009900990099009901,0.0297029702970297
positive_independent.txt_Q9CBQ2,0.07384615384615385,0.003076923076923077,0.07692307692307693,0.08,0.04923076923076923,0.046153846153846156,0.012307692307692308,0.043076923076923075,0.052307692307692305,0.11076923076923077,0.024615384615384615,0.04923076923076923,0.03076923076923077,0.018461538461538463,0.04923076923076923,0.07076923076923076,0.06461538461538462,0.06461538461538462,0.024615384615384615,0.055384615384615386
positive_independent.txt_P44725,0.1050228310502283,0.0091324200913242,0.0547945205479452,0.0684931506849315,0.0958904109589041,0.0273972602739726,0.0045662100456621,0.0821917808219178,0.0730593607305936,0.0776255707762557,0.0228310502283105,0.0547945205479452,0.0319634703196347,0.0365296803652968,0.0273972602739726,0.0547945205479452,0.0365296803652968,0.1232876712328767,0.0,0.0136986301369863
positive_independent.txt_P48357,0.026609442060085836,0.03347639484978541,0.045493562231759654,0.05665236051502146,0.039484978540772535,0.048068669527897,0.02575107296137339,0.06781115879828326,0.06695278969957082,0.08927038626609442,0.020600858369098713,0.05665236051502146,0.0592274678111588,0.036051502145922745,0.022317596566523604,0.10987124463519313,0.060085836909871244,0.07381974248927038,0.02317596566523605,0.03862660944206009
positive_independent.txt_O96017,0.06077348066298342,0.02394106813996317,0.049723756906077346,0.09023941068139964,0.055248618784530384,0.03867403314917127,0.020257826887661142,0.04788213627992634,0.0718232044198895,0.09392265193370165,0.01289134438305709,0.03683241252302026,0.04788213627992634,0.040515653775322284,0.04788213627992634,0.10128913443830571,0.055248618784530384,0.06077348066298342,0.011049723756906077,0.03314917127071823
positive_independent.txt_O14757,0.04201680672268908,0.02100840336134454,0.06302521008403361,0.06512605042016807,0.05672268907563025,0.037815126050420166,0.02100840336134454,0.05672268907563025,0.0861344537815126,0.10294117647058823,0.023109243697478993,0.04831932773109244,0.05672268907563025,0.037815126050420166,0.052521008403361345,0.07352941176470588,0.04201680672268908,0.06302521008403361,0.02100840336134454,0.029411764705882353
positive_independent.txt_P05067,0.08181818181818182,0.023376623376623377,0.06493506493506493,0.11948051948051948,0.04935064935064935,0.02727272727272727,0.032467532467532464,0.03116883116883117,0.053246753246753244,0.07272727272727272,0.03116883116883117,0.04025974025974026,0.045454545454545456,0.046753246753246755,0.048051948051948054,0.045454545454545456,0.06493506493506493,0.08441558441558442,0.011688311688311689,0.025974025974025976
positive_independent.txt_O60939,0.037209302325581395,0.027906976744186046,0.05581395348837209,0.07441860465116279,0.06511627906976744,0.046511627906976744,0.023255813953488372,0.03255813953488372,0.05581395348837209,0.09302325581395349,0.037209302325581395,0.06046511627906977,0.06046511627906977,0.03255813953488372,0.06046511627906977,0.06511627906976744,0.046511627906976744,0.09302325581395349,0.009302325581395349,0.023255813953488372
positive_independent.txt_O15440,0.07515657620041753,0.013221990257480862,0.04036186499652053,0.06402226861517049,0.061934585942936674,0.04384133611691023,0.025748086290883786,0.06819763395963814,0.05775922059846903,0.116214335421016,0.029923451635351428,0.031315240083507306,0.03409881697981907,0.037578288100208766,0.05845511482254697,0.08211551844119694,0.05636743215031315,0.06889352818371608,0.011830201809324982,0.022964509394572025
positive_independent.txt_P49228,0.06666666666666667,0.06666666666666667,0.03333333333333333,0.016666666666666666,0.05,0.0,0.1,0.016666666666666666,0.13333333333333333,0.06666666666666667,0.03333333333333333,0.03333333333333333,0.08333333333333333,0.03333333333333333,0.06666666666666667,0.06666666666666667,0.05,0.05,0.0,0.03333333333333333
positive_independent.txt_Q9X6W0,0.08914728682170543,0.002583979328165375,0.050387596899224806,0.04909560723514212,0.08914728682170543,0.03617571059431524,0.0103359173126615,0.02454780361757106,0.03488372093023256,0.11369509043927649,0.021963824289405683,0.040051679586563305,0.05555555555555555,0.056847545219638244,0.07751937984496124,0.06847545219638243,0.04780361757105943,0.08139534883720931,0.01808785529715762,0.03229974160206718
positive_independent.txt_O95622,0.09754163362410785,0.02696272799365583,0.04361617763679619,0.05947660586835844,0.0761300555114988,0.04520222045995242,0.025376685170499604,0.04837430610626487,0.04203013481363997,0.10229976209357652,0.028548770816812053,0.04203013481363997,0.0380650277557494,0.04282315622521808,0.05868358445678033,0.0689928628072958,0.03965107057890563,0.07692307692307693,0.008723235527359239,0.028548770816812053
positive_independent.txt_P31151,0.0594059405940594,0.019801980198019802,0.09900990099009901,0.0594059405940594,0.0594059405940594,0.0594059405940594,0.0297029702970297,0.0594059405940594,0.1188118811881188,0.06930693069306931,0.04950495049504951,0.04950495049504951,0.0297029702970297,0.0297029702970297,0.0297029702970297,0.0891089108910891,0.04950495049504951,0.009900990099009901,0.0,0.0297029702970297
positive_independent.txt_Q9UJM8,0.0945945945945946,0.010810810810810811,0.05945945945945946,0.06486486486486487,0.07297297297297298,0.02702702702702703,0.010810810810810811,0.05405405405405406,0.06486486486486487,0.10810810810810811,0.02702702702702703,0.032432432432432434,0.04054054054054054,0.02972972972972973,0.06486486486486487,0.05945945945945946,0.043243243243243246,0.0918918918918919,0.016216216216216217,0.02702702702702703
positive_independent.txt_P11142,0.07739938080495357,0.006191950464396285,0.07120743034055728,0.07585139318885449,0.08204334365325078,0.03715170278637771,0.010835913312693499,0.06811145510835913,0.08359133126934984,0.06811145510835913,0.020123839009287926,0.05263157894736842,0.03869969040247678,0.04024767801857585,0.043343653250773995,0.05417956656346749,0.07275541795665634,0.07120743034055728,0.0030959752321981426,0.02321981424148607
positive_independent.txt_P61769,0.05042016806722689,0.01680672268907563,0.058823529411764705,0.07563025210084033,0.03361344537815126,0.04201680672268908,0.03361344537815126,0.04201680672268908,0.06722689075630252,0.1092436974789916,0.01680672268907563,0.04201680672268908,0.04201680672268908,0.025210084033613446,0.05042016806722689,0.1092436974789916,0.04201680672268908,0.07563025210084033,0.01680672268907563,0.05042016806722689
positive_independent.txt_Q13133,0.08501118568232663,0.026845637583892617,0.03803131991051454,0.08277404921700224,0.049217002237136466,0.040268456375838924,0.03355704697986577,0.0447427293064877,0.04697986577181208,0.10514541387024609,0.029082774049217,0.020134228187919462,0.07158836689038031,0.06487695749440715,0.07606263982102908,0.08277404921700224,0.029082774049217,0.049217002237136466,0.008948545861297539,0.015659955257270694
positive_independent.txt_P00800,0.08394160583941605,0.0,0.06751824817518248,0.040145985401459854,0.0948905109489051,0.041970802919708027,0.020072992700729927,0.04562043795620438,0.06569343065693431,0.072992700729927,0.010948905109489052,0.06569343065693431,0.03102189781021898,0.04744525547445255,0.021897810218978103,0.06751824817518248,0.072992700729927,0.07481751824817519,0.009124087591240875,0.06569343065693431
positive_independent.txt_O75460,0.05322415557830092,0.015353121801432957,0.05527123848515865,0.06857727737973388,0.0593654042988741,0.03991811668372569,0.033776867963152504,0.04503582395087001,0.057318321392016376,0.10951893551688843,0.02047082906857728,0.0255885363357216,0.06755373592630501,0.044012282497441144,0.04708290685772774,0.08393039918116683,0.06448311156601842,0.06448311156601842,0.011258955987717503,0.033776867963152504
positive_independent.txt_P60174,0.11888111888111888,0.017482517482517484,0.05244755244755245,0.07342657342657342,0.0979020979020979,0.03496503496503497,0.017482517482517484,0.055944055944055944,0.06993006993006994,0.06643356643356643,0.013986013986013986,0.027972027972027972,0.038461538461538464,0.045454545454545456,0.038461538461538464,0.05244755244755245,0.05244755244755245,0.08741258741258741,0.02097902097902098,0.017482517482517484
positive_independent.txt_Q15118,0.06651376146788991,0.009174311926605505,0.052752293577981654,0.05045871559633028,0.06651376146788991,0.045871559633027525,0.02522935779816514,0.0481651376146789,0.045871559633027525,0.09862385321100918,0.02981651376146789,0.045871559633027525,0.06192660550458716,0.03669724770642202,0.07110091743119266,0.0871559633027523,0.03669724770642202,0.06422018348623854,0.006880733944954129,0.05045871559633028
positive_independent.txt_Q96NX5,0.058823529411764705,0.03361344537815126,0.03361344537815126,0.07773109243697479,0.06092436974789916,0.03361344537815126,0.03361344537815126,0.05672268907563025,0.07773109243697479,0.09243697478991597,0.023109243697478993,0.037815126050420166,0.05672268907563025,0.03361344537815126,0.037815126050420166,0.09663865546218488,0.05042016806722689,0.06092436974789916,0.01050420168067227,0.03361344537815126
positive_independent.txt_P06396,0.10358056265984655,0.008951406649616368,0.058823529411764705,0.06521739130434782,0.0907928388746803,0.03964194373401535,0.017902813299232736,0.029411764705882353,0.05754475703324808,0.08184143222506395,0.016624040920716114,0.03580562659846547,0.05370843989769821,0.052429667519181586,0.05370843989769821,0.058823529411764705,0.052429667519181586,0.07544757033248081,0.01918158567774936,0.028132992327365727
positive_independent.txt_P02689,0.03787878787878788,0.015151515151515152,0.03787878787878788,0.06818181818181818,0.07575757575757576,0.03787878787878788,0.0,0.06818181818181818,0.13636363636363635,0.07575757575757576,0.030303030303030304,0.05303030303030303,0.007575757575757576,0.030303030303030304,0.05303030303030303,0.06060606060606061,0.10606060606060606,0.07575757575757576,0.015151515151515152,0.015151515151515152
positive_independent.txt_P23528,0.0783132530120482,0.024096385542168676,0.07228915662650602,0.09036144578313253,0.05421686746987952,0.030120481927710843,0.006024096385542169,0.05421686746987952,0.15060240963855423,0.08433734939759036,0.024096385542168676,0.018072289156626505,0.03614457831325301,0.012048192771084338,0.024096385542168676,0.07228915662650602,0.04216867469879518,0.08433734939759036,0.006024096385542169,0.03614457831325301
positive_independent.txt_O75116,0.05979827089337176,0.01440922190201729,0.06484149855907781,0.11239193083573487,0.03314121037463977,0.026657060518731988,0.019452449567723344,0.04755043227665706,0.1037463976945245,0.10734870317002881,0.029538904899135448,0.048270893371757925,0.035302593659942365,0.06556195965417867,0.05475504322766571,0.061239193083573486,0.04178674351585014,0.04250720461095101,0.00792507204610951,0.02377521613832853
positive_independent.txt_Q12866,0.06406406406406406,0.01701701701701702,0.04604604604604605,0.06406406406406406,0.06506506506506507,0.03403403403403404,0.026026026026026026,0.06706706706706707,0.044044044044044044,0.0990990990990991,0.025025025025025027,0.043043043043043044,0.07007007007007007,0.035035035035035036,0.04004004004004004,0.0920920920920921,0.05105105105105105,0.07307307307307308,0.016016016016016016,0.028028028028028028
positive_independent.txt_P13639,0.07226107226107226,0.019813519813519812,0.06060606060606061,0.07226107226107226,0.07692307692307693,0.04079254079254079,0.018648018648018648,0.06293706293706294,0.07575757575757576,0.08508158508158509,0.03263403263403263,0.03146853146853147,0.053613053613053616,0.0337995337995338,0.05128205128205128,0.05128205128205128,0.047785547785547784,0.08041958041958042,0.008158508158508158,0.024475524475524476
positive_independent.txt_Q58L87,0.15343915343915343,0.0,0.06878306878306878,0.06349206349206349,0.0582010582010582,0.015873015873015872,0.026455026455026454,0.06349206349206349,0.005291005291005291,0.09523809523809523,0.026455026455026454,0.010582010582010581,0.06878306878306878,0.015873015873015872,0.09523809523809523,0.0582010582010582,0.0582010582010582,0.06878306878306878,0.010582010582010581,0.037037037037037035
positive_independent.txt_Q7CRA4,0.08526187576126674,0.0,0.04628501827040195,0.05481120584652863,0.08647990255785627,0.025578562728380026,0.012180267965895249,0.0535931790499391,0.06455542021924482,0.08526187576126674,0.024360535931790498,0.05602923264311815,0.0341047503045067,0.047503045066991476,0.040194884287454324,0.09987819732034105,0.07064555420219244,0.057247259439707675,0.0097442143727162,0.04628501827040195
positive_independent.txt_Q9NWZ3,0.06304347826086956,0.017391304347826087,0.06956521739130435,0.07173913043478261,0.05217391304347826,0.041304347826086954,0.021739130434782608,0.05652173913043478,0.07391304347826087,0.09782608695652174,0.030434782608695653,0.04782608695652174,0.05,0.043478260869565216,0.034782608695652174,0.06956521739130435,0.06304347826086956,0.06304347826086956,0.006521739130434782,0.02608695652173913
positive_independent.txt_P14550,0.08923076923076922,0.018461538461538463,0.052307692307692305,0.06769230769230769,0.055384615384615386,0.024615384615384615,0.027692307692307693,0.046153846153846156,0.06153846153846154,0.11384615384615385,0.015384615384615385,0.036923076923076927,0.07692307692307693,0.04,0.04923076923076923,0.04923076923076923,0.036923076923076927,0.07384615384615385,0.021538461538461538,0.043076923076923075
positive_independent.txt_P80192,0.06884057971014493,0.016304347826086956,0.04528985507246377,0.09239130434782608,0.06884057971014493,0.030797101449275364,0.019021739130434784,0.03804347826086957,0.04800724637681159,0.10326086956521739,0.015398550724637682,0.030797101449275364,0.09601449275362318,0.036231884057971016,0.06974637681159421,0.09873188405797101,0.050724637681159424,0.042572463768115944,0.017210144927536232,0.01177536231884058
positive_independent.txt_Q02768,0.04521276595744681,0.018617021276595744,0.02127659574468085,0.007978723404255319,0.05851063829787234,0.09042553191489362,0.02925531914893617,0.11702127659574468,0.018617021276595744,0.14627659574468085,0.02127659574468085,0.0398936170212766,0.05319148936170213,0.02925531914893617,0.026595744680851064,0.06648936170212766,0.04521276595744681,0.06914893617021277,0.026595744680851064,0.06914893617021277
positive_independent.txt_P9WJI5,0.10247349823321555,0.007067137809187279,0.0812720848056537,0.04240282685512368,0.08480565371024736,0.0353356890459364,0.02120141342756184,0.028268551236749116,0.0176678445229682,0.12014134275618374,0.01060070671378092,0.0176678445229682,0.0636042402826855,0.0353356890459364,0.0812720848056537,0.03180212014134275,0.08833922261484099,0.08480565371024736,0.014134275618374558,0.03180212014134275
positive_independent.txt_P62312,0.0375,0.0125,0.05,0.0375,0.0875,0.025,0.0,0.0625,0.075,0.1,0.0375,0.075,0.025,0.0625,0.075,0.05,0.0375,0.0875,0.0,0.0625
positive_independent.txt_P00558,0.09832134292565947,0.016786570743405275,0.05515587529976019,0.06474820143884892,0.09592326139088729,0.03836930455635491,0.011990407673860911,0.045563549160671464,0.10071942446043165,0.09112709832134293,0.03357314148681055,0.05515587529976019,0.0407673860911271,0.014388489208633094,0.026378896882494004,0.05755395683453238,0.0407673860911271,0.09352517985611511,0.009592326139088728,0.009592326139088728
positive_independent.txt_P19961,0.0547945205479452,0.021526418786692758,0.06653620352250489,0.03718199608610567,0.09980430528375733,0.05870841487279843,0.023483365949119372,0.0547945205479452,0.04500978473581213,0.0547945205479452,0.021526418786692758,0.08414872798434442,0.04500978473581213,0.0273972602739726,0.0547945205479452,0.06262230919765166,0.043052837573385516,0.07045009784735812,0.03522504892367906,0.03913894324853229
positive_independent.txt_O75390,0.08583690987124463,0.008583690987124463,0.04291845493562232,0.05150214592274678,0.07725321888412018,0.030042918454935622,0.032188841201716736,0.03648068669527897,0.055793991416309016,0.12660944206008584,0.032188841201716736,0.04291845493562232,0.04721030042918455,0.03648068669527897,0.045064377682403435,0.07081545064377683,0.055793991416309016,0.06437768240343347,0.019313304721030045,0.03862660944206009
positive_independent.txt_P48735,0.0752212389380531,0.017699115044247787,0.07079646017699115,0.046460176991150445,0.07743362831858407,0.04424778761061947,0.028761061946902654,0.06415929203539823,0.07964601769911504,0.06858407079646017,0.02654867256637168,0.033185840707964605,0.0420353982300885,0.03982300884955752,0.05530973451327434,0.048672566371681415,0.06858407079646017,0.061946902654867256,0.01991150442477876,0.030973451327433628
positive_independent.txt_P68104,0.08441558441558442,0.012987012987012988,0.05627705627705628,0.05844155844155844,0.09523809523809523,0.030303030303030304,0.021645021645021644,0.06493506493506493,0.10173160173160173,0.05627705627705628,0.025974025974025976,0.03463203463203463,0.05411255411255411,0.021645021645021644,0.0367965367965368,0.049783549783549784,0.06277056277056277,0.09523809523809523,0.010822510822510822,0.025974025974025976
positive_independent.txt_P50897,0.06862745098039216,0.026143790849673203,0.0457516339869281,0.05555555555555555,0.07516339869281045,0.0457516339869281,0.026143790849673203,0.05555555555555555,0.05555555555555555,0.1111111111111111,0.032679738562091505,0.042483660130718956,0.058823529411764705,0.058823529411764705,0.032679738562091505,0.06535947712418301,0.029411764705882353,0.06535947712418301,0.0196078431372549,0.029411764705882353
positive_independent.txt_P49411,0.08849557522123894,0.01327433628318584,0.0420353982300885,0.084070796460177,0.09070796460176991,0.024336283185840708,0.033185840707964605,0.05088495575221239,0.06637168141592921,0.11946902654867257,0.02654867256637168,0.02654867256637168,0.05309734513274336,0.01991150442477876,0.059734513274336286,0.02654867256637168,0.06637168141592921,0.08185840707964602,0.004424778761061947,0.022123893805309734
positive_independent.txt_P35398,0.06883365200764818,0.036328871892925434,0.0497131931166348,0.07265774378585087,0.05162523900573614,0.045889101338432124,0.02676864244741874,0.06118546845124283,0.06118546845124283,0.07648183556405354,0.022944550669216062,0.030592734225621414,0.0497131931166348,0.0745697896749522,0.05162523900573614,0.09177820267686425,0.0497131931166348,0.04206500956022945,0.0057361376673040155,0.030592734225621414
positive_independent.txt_P29323,0.06919431279620854,0.02843601895734597,0.05308056872037915,0.058767772511848344,0.07393364928909953,0.037914691943127965,0.015165876777251185,0.061611374407582936,0.046445497630331754,0.06540284360189573,0.034123222748815164,0.046445497630331754,0.04834123222748815,0.04454976303317536,0.05781990521327014,0.07582938388625593,0.06445497630331753,0.06824644549763033,0.013270142180094787,0.03696682464454976
positive_independent.txt_Q9GZU7,0.07662835249042145,0.022988505747126436,0.08812260536398467,0.05363984674329502,0.04980842911877394,0.04980842911877394,0.03065134099616858,0.038314176245210725,0.04597701149425287,0.10727969348659004,0.011494252873563218,0.02681992337164751,0.06513409961685823,0.038314176245210725,0.06896551724137931,0.08045977011494253,0.019157088122605363,0.09578544061302682,0.007662835249042145,0.022988505747126436
