#name,V1,V2,V3,V4,V5,V6,V7,V8,V9,V10,V11,V12,V13,V14,V15,V16,V17,V18,V19,V20
ATGtrne393.txt_tr|D3BTL7|D3BTL7_POLPA,-0.7584,-0.7487,-0.7321,-1.0049,-2.5983,-0.2201,-0.449,-1.7838,-1.3226,-1.5173,-1.3421,-0.5144,-1.2465,-2.2567,-1.2631,0.0669,-0.3211,-3.1981,-2.0146,-1.2391
ATGtrne393.txt_tr|D3BRE2|D3BRE2_POLPA,-0.781,-1.2859,-0.5421,-1.0841,-1.8382,-0.8134,-0.8546,-1.5849,-1.2624,-1.0351,-1.1348,-0.9564,-0.8483,-1.3927,-1.5022,-0.1596,-0.2128,-2.4297,-1.1878,-0.8321
ATGtrne393.txt_tr|B4KV30|B4KV30_DROMO,-0.5052,-0.5512,-0.6736,-0.9819,-1.9229,-0.2068,-0.4025,-1.2785,-0.9318,-1.5829,-1.3996,-0.4339,-0.9794,-1.9366,-1.0691,-0.0609,-0.4659,-2.5756,-1.5439,-1.2604
ATGtrne393.txt_tr|C0YUP5|C0YUP5_9FLAO,-0.7499,-0.916,-0.3305,-0.8674,-2.209,-0.6177,-0.7557,-1.1934,-1.0424,-1.3685,-1.3546,-0.7463,-1.0322,-1.5494,-1.5699,-0.163,-0.2434,-2.2291,-0.941,-1.0996
ATGtrne393.txt_tr|C0QKA9|C0QKA9_DESAH,-0.3376,-1.6912,-1.5258,-1.8179,-2.7739,-1.1275,-1.1935,-1.827,-2.0933,-0.8293,-1.0334,-1.1624,-1.1168,-1.7982,-2.1995,-0.8907,-0.8581,-3.3149,-2.0508,-0.9302
ATGtrne393.txt_tr|A4X9A3|A4X9A3_SALTO,-0.1681,-0.6549,-1.3422,-1.4631,-2.1652,-0.7729,-0.8496,-1.3923,-1.3953,-1.4041,-1.2802,-0.8614,-0.8997,-2.0914,-1.2448,-0.5103,-0.3953,-2.5988,-1.7227,-0.9322
ATGtrne393.txt_tr|Q01BC6|Q01BC6_OSTTA,-0.423,-0.9834,-0.9302,-1.0244,-2.0731,-0.5637,-0.5338,-1.4341,-1.3577,-1.2879,-1.3045,-0.6268,-0.9269,-1.866,-1.4961,-0.4707,-0.6002,-2.5581,-1.5958,-1.0011
ATGtrne393.txt_tr|B4QPW6|B4QPW6_DROSI,-0.4706,-1.7114,-1.4577,-1.7861,-2.0627,-1.3393,-1.402,-1.6488,-1.8836,-0.5463,-0.6348,-1.2866,-0.6279,-1.1234,-1.6905,-0.5612,-0.5542,-2.5443,-1.6458,-0.5811
ATGtrne393.txt_tr|C3KAP5|C3KAP5_PSEFS,-0.5134,-0.7478,-0.8504,-1.2902,-1.8214,-0.5647,-0.6987,-1.5982,-0.9263,-1.1964,-1.0156,-0.7478,-0.6406,-1.6004,-1.5268,-0.4375,-0.5759,-2.3772,-1.2589,-0.971
ATGtrne393.txt_tr|Q1DA49|Q1DA49_MYXXD,-0.525,-1.1634,-0.6702,-0.3404,-2.3888,-0.5658,-0.3207,-1.0484,-1.4902,-1.7746,-1.8139,-0.8517,-1.3419,-2.1452,-0.7337,-0.1604,-0.528,-2.708,-1.7716,-1.3359
ATGtrne393.txt_tr|Q2QJT5|Q2QJT5_SOLLC,-0.5354,-0.8653,0.229,-0.5051,-3.0135,-0.2357,-0.5185,-0.2492,-0.8552,-2.7441,-2.8013,-0.5354,-2.101,-1.936,-1.7037,0.1852,-0.4882,-2.4209,-0.7374,-2.1448
ATGtrne393.txt_tr|A1U009|A1U009_MARAV,-0.1111,-1.75,-1.6111,-1.9491,-1.838,-1.2477,-1.5162,-1.2477,-1.9653,-0.5185,-0.6111,-1.2662,-0.1898,-1.3056,-1.5625,-0.7685,-0.5903,-2.2407,-1.4954,-0.412
ATGtrne393.txt_tr|A8Y4F1|A8Y4F1_CAEBR,-0.5866,-1.2491,-1.0088,-1.2731,-2.8938,-0.4109,-0.177,-1.9052,-1.1416,-1.3249,-1.4614,-0.598,-1.4083,-2.0973,0.0202,0.3995,0.9001,-3.1858,-1.8192,-0.7269
ATGtrne393.txt_tr|Q0KAS9|Q0KAS9_RALEH,-0.1265,-1.1111,-1.162,-1.3056,-1.7855,-0.7315,-0.8071,-1.3333,-1.3395,-1.0154,-1.017,-0.9167,-0.6543,-1.6343,-1.3287,-0.3966,-0.5093,-2.4815,-1.4012,-0.6312
ATGtrne393.txt_tr|A8I9C7|A8I9C7_CHLRE,-0.3761,-1.0202,-0.8643,-1.2108,-1.5656,-0.6603,-0.6816,-1.2309,-1.278,-1.3414,-0.9832,-0.6766,-1.1026,-1.7607,-1.4367,-0.2225,-0.6519,-2.4658,-1.7472,-1.1166
ATGtrne393.txt_tr|Q2H4S4|Q2H4S4_CHAGB,-0.304,-0.9067,-0.8587,-1.4133,-1.5947,-0.624,-0.9173,-1.3867,-1.3573,-1.4187,-1.2347,-0.7253,-0.7387,-1.688,-1.1493,-0.0427,-0.4107,-2.3547,-1.4267,-1.0427
ATGtrne393.txt_tr|A5KA71|A5KA71_PLAVI,0.0031,-1.0266,0.086,-0.6776,-2.4335,-0.0757,-0.3163,0.0947,-1.2718,-2.3168,-2.2799,0.0179,-1.6494,-2.458,-1.3117,0.2462,-0.3992,-2.8204,-1.9263,-1.6975
ATGtrne393.txt_tr|Q9XXH5|Q9XXH5_CAEEL,-0.7185,-1.0293,-0.7537,-1.1921,-1.4267,-0.7023,-0.7698,-1.6598,-1.1422,-1.3695,-1.2786,-0.7595,-0.9677,-1.5733,-1.4985,-0.3988,-0.588,-2.2889,-1.1906,-1.1437
ATGtrne393.txt_tr|A8NCV9|A8NCV9_COPC7,-0.6723,-0.7188,-0.7756,-0.9143,-1.3911,-0.5112,-0.7812,-1.3175,-0.7058,-1.3529,-1.2216,-0.6052,-1.1555,-1.6406,-1.3771,-0.1248,-0.4916,-2.0875,-1.4628,-0.9907
ATGtrne393.txt_tr|A4J2C9|A4J2C9_DESRM,-0.682,-1.0725,-1.0178,-1.2899,-2.3624,-0.787,-0.7293,-1.7352,-1.3328,-1.2648,-1.3491,-0.6834,-0.9379,-1.645,-1.9068,-0.6982,-0.6568,-2.6524,-1.3166,-1.142
ATGtrne393.txt_tr|C1N5Z8|C1N5Z8_9CHLO,-0.0427,-0.8043,-0.9345,-1.2097,-1.8146,-0.6107,-0.755,-1.1729,-1.3613,-1.3223,-1.2384,-0.621,-0.8624,-1.8263,-1.0405,-0.078,-0.4511,-2.4753,-1.6152,-0.95
ATGtrne393.txt_tr|Q4PCR5|Q4PCR5_USTMA,-0.7548,-1.1316,-1.0789,-1.482,-2.2922,-0.9861,-0.9571,-1.723,-1.4695,-1.1731,-1.3241,-0.7839,-1.2687,-1.4557,-1.7202,-0.7812,-0.838,-2.6233,-1.3144,-1.0665
ATGtrne393.txt_tr|Q9QKE6|Q9QKE6_9VIRU,-0.759,-1.3698,-1.124,-1.4744,-1.8587,-0.9474,-1.1122,-1.9072,-1.4647,-1.0817,-1.2514,-0.8227,-0.9474,-1.6136,-1.919,-0.5083,-0.412,-2.5416,-1.286,-0.9744
ATGtrne393.txt_tr|Q4RVP5|Q4RVP5_TETNG,-1.0035,-1.07,-1.1106,-1.3742,-2.1547,-0.6828,-0.8444,-2.032,-1.395,-1.1054,-0.9533,-0.6958,-0.8652,-1.5981,-1.6344,-0.6275,-0.7727,-2.6802,-1.4598,-1.0086
ATGtrne393.txt_tr|A8XL03|A8XL03_CAEBR,-0.754,-0.5755,-0.8243,-0.8257,-1.5805,-0.6444,-0.5566,-1.4533,-0.747,-1.5397,-1.4905,-0.2684,-1.4371,-1.8482,-1.2284,0.1848,-0.4048,-2.2249,-1.494,-1.163
ATGtrne393.txt_tr|D3BQP8|D3BQP8_POLPA,-0.399,-0.9902,-0.8874,-1.1261,-2.743,-0.1787,-0.2558,-1.5263,-1.1322,-1.5606,-1.4578,-0.2534,-1.3513,-2.1028,0.4088,0.4284,0.1297,-3.0318,-1.7197,-0.989
ATGtrne393.txt_tr|D0NMK0|D0NMK0_PHYIN,-0.7566,-0.8059,-1.1469,-1.136,-2.0888,-0.7116,-0.7423,-1.9123,-1.3333,-0.8487,-0.8695,-0.614,-0.8443,-1.4825,-1.6458,-0.5954,-0.7434,-2.8607,-1.3893,-0.807
ATGtrne393.txt_tr|C7MMK1|C7MMK1_CRYCD,-0.4762,-0.7438,-0.8768,-1.0181,-2.1346,-0.5255,-0.5271,-1.6076,-1.1856,-1.4089,-1.3465,-0.6322,-0.9245,-1.6223,-1.4828,-0.381,-0.624,-2.1905,-1.2381,-1.046
ATGtrne393.txt_tr|C5NBI8|C5NBI8_BURMA,0.2105,-1.1005,-1.4306,-1.7608,-1.6268,-0.9282,-1.2153,-1.1914,-1.5646,-1.2536,-1.3541,-1.1483,-0.9617,-1.7129,-1.4928,-0.4115,-0.5167,-2.5167,-1.5502,-1.0096
ATGtrne393.txt_tr|Q6JGV6|Q6JGV6_9CLOS,-0.8679,-0.9202,-0.7533,-1.1393,-2.1466,-0.6241,-0.6996,-1.7271,-1.1582,-1.0392,-1.2729,-0.6589,-0.7373,-1.3701,-1.688,-0.4949,-0.627,-2.4136,-1.103,-0.9347
ATGtrne393.txt_tr|D4GCV4|D4GCV4_PANAM,-0.5854,-1.1098,-0.6585,-0.8902,-2.3415,-0.2439,0.0366,-1.7927,-0.8049,-1.2927,-1.4024,-0.7927,-0.8659,-1.6585,-1.5122,-0.439,-0.5244,-2.5122,-1.1951,-1.122
ATGtrne393.txt_tr|Q8J1W4|Q8J1W4_CLAPU,-0.1362,-1.6495,-0.0423,-1.295,-1.9722,-0.8955,-1.4775,0.5939,-1.8082,-2.4418,-2.3929,-1.2725,-1.8294,-2.6429,-0.7315,-0.0661,-0.6362,-2.9312,-2.0172,-1.8677
ATGtrne393.txt_tr|D2VJV1|D2VJV1_NAEGR,-0.7277,-1.2204,-0.796,-1.0556,-1.9444,-0.7769,-0.8005,-1.6075,-1.2796,-0.9973,-1.0455,-0.7814,-0.7432,-1.3179,-1.6339,-0.4053,-0.4982,-2.2878,-1.1949,-0.8379
ATGtrne393.txt_tr|Q1D888|Q1D888_MYXXD,0.2116,-1.1601,-1.3319,-1.169,-2.8778,-0.2154,-0.4518,0.044,-1.7486,-2.0754,-1.867,-0.7987,-1.3904,-2.5323,1.426,0.2275,-0.2008,-3.257,-2.3558,-1.2598
ATGtrne393.txt_tr|Q7VH02|Q7VH02_HELHP,-0.6914,-1.5261,-1.3098,-1.8202,-2.2928,-1.1203,-1.5213,-1.9769,-1.548,-0.7825,-0.6367,-1.2673,-0.7558,-0.8287,-1.8542,-0.6877,-0.6914,-2.1118,-0.8797,-0.7278
ATGtrne393.txt_tr|B3ERL3|B3ERL3_AMOA5,-0.527,-0.8669,-0.7346,-1.23,-2.0791,-0.2868,-0.46,-1.5782,-1.0307,-1.3883,-1.0642,-0.3752,-0.8845,-1.648,-1.7812,-0.4032,-0.7439,-2.3305,-0.9739,-1.1127
ATGtrne393.txt_tr|D3BTL7|D3BTL7_POLPA,-0.7584,-0.7487,-0.7321,-1.0049,-2.5983,-0.2201,-0.449,-1.7838,-1.3226,-1.5173,-1.3421,-0.5144,-1.2465,-2.2567,-1.2631,0.0669,-0.3211,-3.1981,-2.0146,-1.2391
ATGtrne393.txt_tr|D3BRE2|D3BRE2_POLPA,-0.781,-1.2859,-0.5421,-1.0841,-1.8382,-0.8134,-0.8546,-1.5849,-1.2624,-1.0351,-1.1348,-0.9564,-0.8483,-1.3927,-1.5022,-0.1596,-0.2128,-2.4297,-1.1878,-0.8321
ATGtrne393.txt_tr|B4KV30|B4KV30_DROMO,-0.5052,-0.5512,-0.6736,-0.9819,-1.9229,-0.2068,-0.4025,-1.2785,-0.9318,-1.5829,-1.3996,-0.4339,-0.9794,-1.9366,-1.0691,-0.0609,-0.4659,-2.5756,-1.5439,-1.2604
ATGtrne393.txt_tr|C0YUP5|C0YUP5_9FLAO,-0.7499,-0.916,-0.3305,-0.8674,-2.209,-0.6177,-0.7557,-1.1934,-1.0424,-1.3685,-1.3546,-0.7463,-1.0322,-1.5494,-1.5699,-0.163,-0.2434,-2.2291,-0.941,-1.0996
ATGtrne393.txt_tr|C0QKA9|C0QKA9_DESAH,-0.3376,-1.6912,-1.5258,-1.8179,-2.7739,-1.1275,-1.1935,-1.827,-2.0933,-0.8293,-1.0334,-1.1624,-1.1168,-1.7982,-2.1995,-0.8907,-0.8581,-3.3149,-2.0508,-0.9302
ATGtrne393.txt_tr|A4X9A3|A4X9A3_SALTO,-0.1681,-0.6549,-1.3422,-1.4631,-2.1652,-0.7729,-0.8496,-1.3923,-1.3953,-1.4041,-1.2802,-0.8614,-0.8997,-2.0914,-1.2448,-0.5103,-0.3953,-2.5988,-1.7227,-0.9322
ATGtrne393.txt_tr|Q01BC6|Q01BC6_OSTTA,-0.423,-0.9834,-0.9302,-1.0244,-2.0731,-0.5637,-0.5338,-1.4341,-1.3577,-1.2879,-1.3045,-0.6268,-0.9269,-1.866,-1.4961,-0.4707,-0.6002,-2.5581,-1.5958,-1.0011
ATGtrne393.txt_tr|B4QPW6|B4QPW6_DROSI,-0.4706,-1.7114,-1.4577,-1.7861,-2.0627,-1.3393,-1.402,-1.6488,-1.8836,-0.5463,-0.6348,-1.2866,-0.6279,-1.1234,-1.6905,-0.5612,-0.5542,-2.5443,-1.6458,-0.5811
ATGtrne393.txt_tr|C3KAP5|C3KAP5_PSEFS,-0.5134,-0.7478,-0.8504,-1.2902,-1.8214,-0.5647,-0.6987,-1.5982,-0.9263,-1.1964,-1.0156,-0.7478,-0.6406,-1.6004,-1.5268,-0.4375,-0.5759,-2.3772,-1.2589,-0.971
ATGtrne393.txt_tr|Q1DA49|Q1DA49_MYXXD,-0.525,-1.1634,-0.6702,-0.3404,-2.3888,-0.5658,-0.3207,-1.0484,-1.4902,-1.7746,-1.8139,-0.8517,-1.3419,-2.1452,-0.7337,-0.1604,-0.528,-2.708,-1.7716,-1.3359
ATGtrne393.txt_tr|Q2QJT5|Q2QJT5_SOLLC,-0.5354,-0.8653,0.229,-0.5051,-3.0135,-0.2357,-0.5185,-0.2492,-0.8552,-2.7441,-2.8013,-0.5354,-2.101,-1.936,-1.7037,0.1852,-0.4882,-2.4209,-0.7374,-2.1448
ATGtrne393.txt_tr|A1U009|A1U009_MARAV,-0.1111,-1.75,-1.6111,-1.9491,-1.838,-1.2477,-1.5162,-1.2477,-1.9653,-0.5185,-0.6111,-1.2662,-0.1898,-1.3056,-1.5625,-0.7685,-0.5903,-2.2407,-1.4954,-0.412
ATGtrne393.txt_tr|A8Y4F1|A8Y4F1_CAEBR,-0.5866,-1.2491,-1.0088,-1.2731,-2.8938,-0.4109,-0.177,-1.9052,-1.1416,-1.3249,-1.4614,-0.598,-1.4083,-2.0973,0.0202,0.3995,0.9001,-3.1858,-1.8192,-0.7269
ATGtrne393.txt_tr|Q0KAS9|Q0KAS9_RALEH,-0.1265,-1.1111,-1.162,-1.3056,-1.7855,-0.7315,-0.8071,-1.3333,-1.3395,-1.0154,-1.017,-0.9167,-0.6543,-1.6343,-1.3287,-0.3966,-0.5093,-2.4815,-1.4012,-0.6312
ATGtrne393.txt_tr|A8I9C7|A8I9C7_CHLRE,-0.3761,-1.0202,-0.8643,-1.2108,-1.5656,-0.6603,-0.6816,-1.2309,-1.278,-1.3414,-0.9832,-0.6766,-1.1026,-1.7607,-1.4367,-0.2225,-0.6519,-2.4658,-1.7472,-1.1166
ATGtrne393.txt_tr|Q2H4S4|Q2H4S4_CHAGB,-0.304,-0.9067,-0.8587,-1.4133,-1.5947,-0.624,-0.9173,-1.3867,-1.3573,-1.4187,-1.2347,-0.7253,-0.7387,-1.688,-1.1493,-0.0427,-0.4107,-2.3547,-1.4267,-1.0427
ATGtrne393.txt_tr|A5KA71|A5KA71_PLAVI,0.0031,-1.0266,0.086,-0.6776,-2.4335,-0.0757,-0.3163,0.0947,-1.2718,-2.3168,-2.2799,0.0179,-1.6494,-2.458,-1.3117,0.2462,-0.3992,-2.8204,-1.9263,-1.6975
ATGtrne393.txt_tr|Q9XXH5|Q9XXH5_CAEEL,-0.7185,-1.0293,-0.7537,-1.1921,-1.4267,-0.7023,-0.7698,-1.6598,-1.1422,-1.3695,-1.2786,-0.7595,-0.9677,-1.5733,-1.4985,-0.3988,-0.588,-2.2889,-1.1906,-1.1437
ATGtrne393.txt_tr|A8NCV9|A8NCV9_COPC7,-0.6723,-0.7188,-0.7756,-0.9143,-1.3911,-0.5112,-0.7812,-1.3175,-0.7058,-1.3529,-1.2216,-0.6052,-1.1555,-1.6406,-1.3771,-0.1248,-0.4916,-2.0875,-1.4628,-0.9907
ATGtrne393.txt_tr|A4J2C9|A4J2C9_DESRM,-0.682,-1.0725,-1.0178,-1.2899,-2.3624,-0.787,-0.7293,-1.7352,-1.3328,-1.2648,-1.3491,-0.6834,-0.9379,-1.645,-1.9068,-0.6982,-0.6568,-2.6524,-1.3166,-1.142
ATGtrne393.txt_tr|C1N5Z8|C1N5Z8_9CHLO,-0.0427,-0.8043,-0.9345,-1.2097,-1.8146,-0.6107,-0.755,-1.1729,-1.3613,-1.3223,-1.2384,-0.621,-0.8624,-1.8263,-1.0405,-0.078,-0.4511,-2.4753,-1.6152,-0.95
ATGtrne393.txt_tr|Q4PCR5|Q4PCR5_USTMA,-0.7548,-1.1316,-1.0789,-1.482,-2.2922,-0.9861,-0.9571,-1.723,-1.4695,-1.1731,-1.3241,-0.7839,-1.2687,-1.4557,-1.7202,-0.7812,-0.838,-2.6233,-1.3144,-1.0665
ATGtrne393.txt_tr|Q9QKE6|Q9QKE6_9VIRU,-0.759,-1.3698,-1.124,-1.4744,-1.8587,-0.9474,-1.1122,-1.9072,-1.4647,-1.0817,-1.2514,-0.8227,-0.9474,-1.6136,-1.919,-0.5083,-0.412,-2.5416,-1.286,-0.9744
ATGtrne393.txt_tr|Q4RVP5|Q4RVP5_TETNG,-1.0035,-1.07,-1.1106,-1.3742,-2.1547,-0.6828,-0.8444,-2.032,-1.395,-1.1054,-0.9533,-0.6958,-0.8652,-1.5981,-1.6344,-0.6275,-0.7727,-2.6802,-1.4598,-1.0086
ATGtrne393.txt_tr|A8XL03|A8XL03_CAEBR,-0.754,-0.5755,-0.8243,-0.8257,-1.5805,-0.6444,-0.5566,-1.4533,-0.747,-1.5397,-1.4905,-0.2684,-1.4371,-1.8482,-1.2284,0.1848,-0.4048,-2.2249,-1.494,-1.163
ATGtrne393.txt_tr|D3BQP8|D3BQP8_POLPA,-0.399,-0.9902,-0.8874,-1.1261,-2.743,-0.1787,-0.2558,-1.5263,-1.1322,-1.5606,-1.4578,-0.2534,-1.3513,-2.1028,0.4088,0.4284,0.1297,-3.0318,-1.7197,-0.989
ATGtrne393.txt_tr|D0NMK0|D0NMK0_PHYIN,-0.7566,-0.8059,-1.1469,-1.136,-2.0888,-0.7116,-0.7423,-1.9123,-1.3333,-0.8487,-0.8695,-0.614,-0.8443,-1.4825,-1.6458,-0.5954,-0.7434,-2.8607,-1.3893,-0.807
ATGtrne393.txt_tr|C7MMK1|C7MMK1_CRYCD,-0.4762,-0.7438,-0.8768,-1.0181,-2.1346,-0.5255,-0.5271,-1.6076,-1.1856,-1.4089,-1.3465,-0.6322,-0.9245,-1.6223,-1.4828,-0.381,-0.624,-2.1905,-1.2381,-1.046
ATGtrne393.txt_tr|C5NBI8|C5NBI8_BURMA,0.2105,-1.1005,-1.4306,-1.7608,-1.6268,-0.9282,-1.2153,-1.1914,-1.5646,-1.2536,-1.3541,-1.1483,-0.9617,-1.7129,-1.4928,-0.4115,-0.5167,-2.5167,-1.5502,-1.0096
ATGtrne393.txt_tr|Q6JGV6|Q6JGV6_9CLOS,-0.8679,-0.9202,-0.7533,-1.1393,-2.1466,-0.6241,-0.6996,-1.7271,-1.1582,-1.0392,-1.2729,-0.6589,-0.7373,-1.3701,-1.688,-0.4949,-0.627,-2.4136,-1.103,-0.9347
ATGtrne393.txt_tr|D4GCV4|D4GCV4_PANAM,-0.5854,-1.1098,-0.6585,-0.8902,-2.3415,-0.2439,0.0366,-1.7927,-0.8049,-1.2927,-1.4024,-0.7927,-0.8659,-1.6585,-1.5122,-0.439,-0.5244,-2.5122,-1.1951,-1.122
ATGtrne393.txt_tr|Q8J1W4|Q8J1W4_CLAPU,-0.1362,-1.6495,-0.0423,-1.295,-1.9722,-0.8955,-1.4775,0.5939,-1.8082,-2.4418,-2.3929,-1.2725,-1.8294,-2.6429,-0.7315,-0.0661,-0.6362,-2.9312,-2.0172,-1.8677
ATGtrne393.txt_tr|D2VJV1|D2VJV1_NAEGR,-0.7277,-1.2204,-0.796,-1.0556,-1.9444,-0.7769,-0.8005,-1.6075,-1.2796,-0.9973,-1.0455,-0.7814,-0.7432,-1.3179,-1.6339,-0.4053,-0.4982,-2.2878,-1.1949,-0.8379
ATGtrne393.txt_tr|Q1D888|Q1D888_MYXXD,0.2116,-1.1601,-1.3319,-1.169,-2.8778,-0.2154,-0.4518,0.044,-1.7486,-2.0754,-1.867,-0.7987,-1.3904,-2.5323,1.426,0.2275,-0.2008,-3.257,-2.3558,-1.2598
ATGtrne393.txt_tr|Q7VH02|Q7VH02_HELHP,-0.6914,-1.5261,-1.3098,-1.8202,-2.2928,-1.1203,-1.5213,-1.9769,-1.548,-0.7825,-0.6367,-1.2673,-0.7558,-0.8287,-1.8542,-0.6877,-0.6914,-2.1118,-0.8797,-0.7278
ATGtrne393.txt_tr|B3ERL3|B3ERL3_AMOA5,-0.527,-0.8669,-0.7346,-1.23,-2.0791,-0.2868,-0.46,-1.5782,-1.0307,-1.3883,-1.0642,-0.3752,-0.8845,-1.648,-1.7812,-0.4032,-0.7439,-2.3305,-0.9739,-1.1127
ATGtrne393.txt_tr|O59250|O59250_PYRHO,-0.8196,-0.7938,-0.9072,-1.1598,-2.1856,-0.4536,-0.2938,-1.8969,-1.1443,-1.1753,-1.0103,-0.3557,-0.6392,-1.3969,-1.5412,-0.5309,-0.7474,-2.201,-1.1289,-0.9588
ATGtrne393.txt_tr|A9UX14|A9UX14_MONBE,-0.2497,0.0555,-0.5676,-0.7676,-2.8832,1.0902,1.2867,-2.5769,-1.1156,-1.4867,-0.3988,0.7422,-0.8555,-2.8347,-3.0717,-0.415,-0.763,-3.5653,-2.3364,-1.415
ATGtrne393.txt_tr|B9PJ15|B9PJ15_TOXGO,-0.3239,-0.9321,-1.0226,-1.3098,-1.925,-0.86,-0.8571,-1.3494,-1.3833,-1.3352,-1.2801,-0.727,-0.9604,-1.768,-1.4243,-0.2702,-0.5941,-2.7086,-1.5813,-1.0523
ATGtrne393.txt_tr|A7HEU3|A7HEU3_ANADF,-0.3589,-1.4086,-1.4005,-1.6411,-1.7944,-1.2392,-1.0914,-1.2997,-1.5632,-0.6909,-0.6935,-1.0376,-0.7083,-1.0995,-1.4207,-0.8387,-0.7903,-1.9677,-1.0551,-0.5094
ATGtrne393.txt_tr|B2U767|B2U767_RALPJ,-0.3925,-0.9056,-0.7627,-1.0634,-1.9354,-0.6062,-0.672,-1.118,-1.0807,-1.5081,-1.4671,-0.7416,-0.9752,-1.7416,-1.3019,-0.3416,-0.5665,-2.3292,-1.2957,-1.1193
ATGtrne393.txt_tr|A3V265|A3V265_9RHOB,-0.2087,-1.2317,-0.4708,-0.9336,-2.1603,-0.6423,-0.707,-1.2582,-1.6074,-1.1322,-1.2739,-0.833,-1.0529,-1.8268,-1.297,-0.0534,-0.1744,-2.7368,-1.6226,-0.8048
ATGtrne393.txt_tr|Q2I6M5|Q2I6M5_9DELT,-0.5311,-1.0311,-1.3304,-1.308,-2.5917,-0.6427,-0.7353,-1.8754,-1.5779,-1.4048,-1.2128,-0.9991,-1.128,-1.9939,-1.859,-0.6401,-0.6869,-3.0908,-1.9031,-1.0908
ATGtrne393.txt_tr|C1EGJ3|C1EGJ3_9CHLO,-0.0732,-0.6917,-0.8863,-0.9576,-1.7669,-0.6339,-0.5279,-0.9904,-1.2254,-1.5241,-1.4759,-0.6628,-1.0077,-1.9056,-1.2466,-0.2042,-0.5395,-2.4663,-1.6378,-1.1175
ATGtrne393.txt_tr|Q5AW16|Q5AW16_EMENI,-0.2959,-1.0289,-0.8433,-1.226,-2.0161,-0.6026,-0.7189,-1.189,-1.341,-1.4916,-1.3699,-0.7579,-0.9818,-1.729,-0.9011,-0.1419,-0.4432,-2.4385,-1.4398,-1.0518
ATGtrne393.txt_tr|A8ZW45|A8ZW45_DESOH,-0.1282,-0.4462,-0.6139,-0.9715,-1.1709,0.0079,-0.0475,-2.0206,-0.4304,-1.0949,-0.3259,-0.1614,-0.4953,-1.2658,-2.4003,-0.8054,-1.1709,-1.5759,-0.144,-1.3133
ATGtrne393.txt_tr|A4H935|A4H935_LEIBR,-0.4832,-1.0373,-0.8153,-0.9963,-1.9832,-0.4925,-0.5019,-1.6381,-1.2537,-1.416,-1.3097,-0.7071,-0.903,-1.9235,-1.056,-0.2481,-0.4944,-2.5485,-1.5373,-1.0765
ATGtrne393.txt_tr|Q2BAQ1|Q2BAQ1_9BACI,-0.9545,-0.9818,-0.7909,-1.2727,-2.4364,-0.4545,-0.5545,-1.9545,-1.1818,-1.4455,-1.4273,-0.6273,-0.7545,-1.5,-1.7273,-0.4364,-0.8818,-2.6091,-1.2636,-1.1273
ATGtrne393.txt_tr|C7YUP0|C7YUP0_NECH7,-0.5488,-1.0275,-1.1387,-0.995,-3.0663,-0.895,-0.5075,-2.0412,-1.5362,-1.2012,-1.23,-0.5675,-1.375,-1.7688,-2.0938,-1.0875,-1.0312,-2.715,-1.545,-1.095
ATGtrne393.txt_tr|A3KP08|A3KP08_DANRE,-0.4875,-0.9032,-1.0108,-1.4516,-2.0609,-0.4301,-0.6308,-1.6308,-1.4444,-1.7957,-1.6201,-0.276,-1.1935,-2.1577,-1.0323,-0.2832,-0.3943,-2.5484,-1.8853,-1.2975
ATGtrne393.txt_tr|D1QPA0|D1QPA0_9BACT,-0.8683,-1.0734,-0.8937,-1.3518,-2.0958,-0.6826,-0.8698,-1.8623,-1.006,-1.3263,-1.2844,-0.7904,-0.8608,-1.2874,-1.8129,-0.6243,-0.5913,-2.3593,-0.9222,-1.2006
ATGtrne393.txt_tr|A9TLG9|A9TLG9_PHYPA,-0.4776,-0.9392,-0.864,-1.1878,-1.771,-0.5456,-0.6601,-1.3095,-1.2004,-1.3202,-1.2039,-0.6959,-0.7048,-1.7227,-1.576,-0.288,-0.5742,-2.2987,-1.3989,-0.9982
ATGtrne393.txt_tr|C5L679|C5L679_9ALVE,-0.381,-1.0304,-1.1243,-1.3041,-2.4114,-0.8202,-0.7263,-1.7281,-1.3148,-1.1673,-1.0564,-0.864,-0.8605,-1.746,-1.9401,-0.6064,-0.653,-2.6163,-1.5564,-0.9848
ATGtrne393.txt_tr|D2U136|D2U136_9ENTR,-0.6879,-0.815,-1.0231,-0.9884,-2.1329,-0.3931,-0.4104,-1.9711,-1.3873,-1.2139,-1.1503,-0.5087,-0.7746,-1.6012,-1.7977,-0.5434,-0.5029,-2.3873,-1.341,-1.0289
ATGtrne393.txt_tr|Q57UV7|Q57UV7_9TRYP,-0.4375,-0.0872,-0.5474,-0.8283,-1.9451,0.6538,0.7466,-2.2507,-0.75,-1.3674,-0.7521,0.4409,-0.6181,-2.3043,-2.4526,-0.3187,-0.6463,-2.8173,-1.8819,-1.3462
ATGtrne393.txt_tr|A5WGA3|A5WGA3_PSYWF,-0.55,-1.1441,-0.8559,-1.1141,-3.2122,-0.641,-1.0902,-1.5721,-1.6817,-1.8258,-1.6516,-1.3254,-1.7047,-1.9629,-1.443,-0.2157,-0.3068,-2.7268,-1.4253,-1.374
ATGtrne393.txt_tr|C1MXG3|C1MXG3_9CHLO,-0.1275,-0.9154,-0.994,-1,-2.124,-0.7139,-0.5626,-1.1538,-1.4958,-1.2861,-1.3254,-0.5816,-0.8749,-1.8129,-1.4315,-0.3468,-0.5507,-2.6067,-1.683,-0.9273
ATGtrne393.txt_tr|D2S9B4|D2S9B4_GEOOG,0.0833,-0.9256,-1.3006,-1.5833,-1.756,-0.875,-1.131,-1.1429,-1.5387,-1.2738,-1.0179,-0.9732,-0.8185,-1.9226,-0.9702,-0.4405,-0.4673,-2.506,-1.6429,-0.8333
ATGtrne393.txt_tr|A5BX00|A5BX00_VITVI,-0.7863,-1.1332,-1.2109,-1.0786,-2.8631,-0.8483,-0.4218,-2.0148,-1.642,-1.5661,-1.5393,-0.4533,-1.3534,-2.1082,-2.0407,-0.7123,-0.8575,-2.9935,-1.8834,-1.3034
ATGtrne393.txt_tr|D0LQM4|D0LQM4_HALO1,-0.5711,-1.245,-0.9111,-0.9817,-1.3714,-0.7306,-0.8779,-0.9834,-1.2982,-1.4952,-1.3731,-1.048,-1.3017,-1.7759,-1.3845,-0.3104,-0.5894,-2.5571,-1.6931,-0.9878
ATGtrne393.txt_tr|Q7UX97|Q7UX97_RHOBA,-0.7427,-1.2038,-0.9067,-1.2453,-2.4352,-0.9171,-1.1192,-1.487,-0.9637,-1.5112,-1.1468,-1.0311,-1.0587,-1.4041,-1.2919,-0.7133,-0.6995,-2.2556,-1.1934,-1.2504
ATGtrne393.txt_tr|Q2FMA8|Q2FMA8_METHJ,-0.1389,-1.787,-1.6019,-1.8241,-1.5648,-1.3056,-1.3796,-1.5741,-1.8056,-0.4722,-0.6667,-1.5185,-0.3611,-1.2778,-1.7685,-0.4352,-0.4907,-2.3519,-1.287,-0.4259
ATGtrne393.txt_tr|Q018S3|Q018S3_OSTTA,-0.1593,-1.136,-1.6336,-1.848,-2.4142,-0.9681,-1.201,-1.0772,-1.5233,-1.3615,-1.1017,-0.9877,-1.0613,-1.4828,-0.6409,-0.0208,-0.4816,-2.777,-1.6078,-0.8615
ATGtrne393.txt_tr|A8UFW0|A8UFW0_9FLAO,-0.8636,-1.1026,-0.6652,-1.1477,-2.0541,-0.7689,-0.7835,-1.7114,-1.1804,-1.0271,-1.0846,-0.6494,-0.7802,-1.3427,-1.7508,-0.4115,-0.4622,-2.2751,-1.097,-0.8782
ATGtrne393.txt_tr|A6G7X3|A6G7X3_9DELT,-0.4836,-0.7852,-0.9033,-1.1361,-2.177,-0.5197,-0.6951,-1.3098,-1.2705,-1.4508,-1.3197,-0.7197,-1.0016,-1.8869,-1.3787,-0.4426,-0.7197,-2.3967,-1.6131,-1.059
ATGtrne393.txt_tr|B1VFC4|B1VFC4_CORU7,-0.4352,-0.7845,-0.787,-1.0488,-2.2702,-0.5109,-0.4646,-1.67,-1.3173,-0.9057,-0.9343,-0.4941,-1.0118,-1.4731,-1.5631,-0.4731,-0.6347,-2.4032,-1.3594,-1.0185
ATGtrne393.txt_tr|Q01B68|Q01B68_OSTTA,-0.5721,-0.8351,-0.8827,-1.0711,-1.9745,-0.4803,-0.4976,-1.7433,-1.2388,-1.372,-1.1712,-0.4527,-1.0214,-1.7909,-1.4693,-0.2657,-0.499,-2.5728,-1.5742,-1.0138
ATGtrne393.txt_tr|Q2HB99|Q2HB99_CHAGB,-0.4591,-0.5755,-0.7296,-0.956,-2.066,-0.305,-0.4119,-1.4686,-1.0943,-1.5094,-1.3333,-0.4119,-0.8522,-1.8899,-1.1667,-0.3553,-0.522,-2.3145,-1.4214,-1.1164
ATGtrne393.txt_tr|B2IBV7|B2IBV7_BEII9,-0.451,-0.7469,-0.9715,-0.9162,-2.148,-0.4563,-0.1979,-1.6827,-1.2282,-1.1996,-1.3244,-0.5686,-0.902,-1.9697,-1.3494,-0.3779,-0.4349,-2.5526,-1.5793,-0.7112
ATGtrne393.txt_tr|C3Z421|C3Z421_BRAFL,-0.3858,-1.1702,-1.0192,-1.303,-2.1189,-0.7319,-0.7529,-1.5641,-1.4365,-1.4685,-1.5909,-0.8112,-1.1923,-2.1323,-1.028,-0.1696,-0.0484,-2.9312,-1.7646,-0.958
ATGtrne393.txt_tr|D1JTC1|D1JTC1_9BACE,-0.7306,-0.7123,-0.6164,-1.1005,-2.0091,-0.3744,-0.4703,-1.6895,-0.9087,-1.2329,-1.0868,-0.4064,-0.7123,-1.6073,-1.6484,-0.4247,-0.6301,-2.379,-1.1142,-1.0046
ATGtrne393.txt_tr|Q28NN9|Q28NN9_JANSC,-0.3889,-1.5222,-1.9,-2.4667,-1.4444,-1.1667,-1.7444,-1.6111,-2.0778,-0.7667,-0.6778,-1.5667,-0.5778,-1.5778,-1.5889,-0.9,-0.5667,-1.9444,-1.4556,-0.6333
ATGtrne393.txt_tr|C4XJU1|C4XJU1_DESMR,0.3604,-0.3729,-0.7988,-0.986,-3.1123,0.507,0.5507,-1.8986,-1.6349,-1.4384,-0.8736,-0.1373,-0.9719,-2.7192,-2.8159,-0.2668,-0.3791,-3.5819,-2.5975,-1.0452
ATGtrne393.txt_tr|Q8PZA1|Q8PZA1_METMA,-0.8088,-1.0543,-1.2196,-1.2093,-2.3023,-0.907,-0.7364,-1.7468,-1.4755,-1.2274,-1.2972,-0.7674,-0.9121,-1.6977,-1.8217,-0.7494,-0.8398,-2.5452,-1.3876,-0.9897
ATGtrne393.txt_tr|A9V2H8|A9V2H8_MONBE,-0.5695,-0.945,-1.0814,-1.313,-2.1379,-0.6616,-0.729,-1.7069,-1.312,-1.3615,-1.2651,-0.7015,-0.9731,-1.7279,-1.6369,-0.5663,-0.7037,-2.5016,-1.4801,-1.0496
ATGtrne393.txt_tr|C3YB99|C3YB99_BRAFL,-0.8151,-1.0651,-0.8177,-1.3776,-2.3906,-0.6328,-0.9375,-1.7552,-1.2344,-1.5547,-1.4453,-0.9089,-1.1771,-1.6172,-1.5599,-0.5469,-0.7292,-2.3021,-1.1406,-1.2969
ATGtrne393.txt_tr|B0S6Z4|B0S6Z4_DANRE,-0.6333,-1.2384,-1.0945,-0.9506,-2.7221,-0.2102,0.3385,-1.8166,-1.6869,-1.6869,-1.5021,-0.3498,-1.5388,-2.33,-1.2525,-0.3865,-0.4556,-3.0324,-2.0987,-1.1001
ATGtrne393.txt_tr|C4PZP9|C4PZP9_SCHMA,-0.7819,-0.8754,-1.1246,-1.3971,-2.2398,-0.4894,-0.748,-1.9404,-1.3276,-1.3525,-1.0445,-0.6638,-1.0025,-1.7815,-1.8342,-0.5792,-0.7766,-2.71,-1.5172,-1.1887
ATGtrne393.txt_tr|A7ZH45|A7ZH45_ECO24,-0.8621,-1.3027,-0.9157,-0.9387,-2.3985,-0.8084,-0.7778,-1.8391,-1.2835,-1.295,-1.4406,-0.8927,-0.9272,-1.6628,-2.0077,-0.6897,-0.7471,-2.5824,-1.3448,-0.9502
ATGtrne393.txt_tr|B9P9B9|B9P9B9_POPTR,0.0325,-0.4004,-0.9878,-1.4573,-1.8211,-0.4512,-0.7927,-0.685,-1.1179,-1.8496,-1.5569,-0.6504,-1.0325,-2.2033,-0.9167,-0.3354,-0.7724,-2.6382,-1.7134,-1.3659
ATGtrne393.txt_tr|Q90114|Q90114_CPVBM,-0.623,-0.8889,-0.3889,-1.0556,-1.9325,-0.5,-0.5913,-1.381,-0.6627,-1.3214,-1.3333,-0.6389,-0.8452,-1.369,-1.6032,-0.2143,-0.6786,-2.1905,-0.7302,-1.0476
ATGtrne393.txt_tr|A8XT84|A8XT84_CAEBR,-0.5465,-0.5015,-0.9765,-0.8413,-2.7102,-0.1507,-0.0516,-1.5976,-1.3634,-1.5951,-1.4369,0.0095,-1.5435,-2.2693,0.1266,0.0766,-0.3013,-3.4129,-2.0731,-1.1747
ATGtrne393.txt_tr|B9T8S6|B9T8S6_RICCO,-0.4187,-0.8902,-0.8272,-1.0386,-2.2033,-0.5813,-0.9553,-1.0427,-1.3984,-1.3862,-1.3963,-0.9898,-1.1484,-1.8293,-1.3882,-0.2093,-0.3537,-2.4756,-1.4126,-1.0183
ATGtrne393.txt_tr|Q8ILB1|Q8ILB1_PLAF7,-0.7086,-1.0654,-0.5673,-0.8081,-2.2605,-0.709,-0.6046,-1.4031,-1.2882,-1.2714,-1.4015,-0.5821,-1.1297,-1.8905,-1.6458,-0.463,-0.6835,-2.7019,-1.557,-1.1278
ATGtrne393.txt_tr|B8IVZ4|B8IVZ4_METNO,-0.0608,-0.545,-1.2944,-1.2336,-2.1655,-0.618,-0.6058,-1.399,-1.3309,-1.3333,-1.1168,-0.7956,-0.8516,-1.8954,-1.219,-0.4623,-0.4623,-2.3139,-1.6034,-0.9148
ATGtrne393.txt_tr|Q4UG51|Q4UG51_THEAN,-0.7616,-1.0756,-0.843,-1.2209,-2.0291,-0.6919,-0.6337,-1.6919,-1.0291,-1.3372,-1.1628,-0.7733,-0.9651,-1.2093,-1.7907,-0.3256,-0.6221,-2.2035,-1.0523,-1.2093
ATGtrne393.txt_tr|Q9LM23|Q9LM23_ARATH,-0.2039,-1.4206,-1.214,-1.4946,-2.2678,-1.0148,-1.0061,-1.4415,-1.6258,-1.1285,-1.2026,-0.8917,-0.9058,-1.9818,-1.9637,-0.5538,-0.7571,-3.0377,-1.8378,-0.823
ATGtrne393.txt_tr|Q2LL63|Q2LL63_9VIRU,-0.6655,-0.8094,-0.8615,-1.2158,-2.1313,-0.5054,-0.759,-1.7914,-1.1601,-1.3129,-1.1655,-0.5198,-0.7608,-1.5935,-1.5827,-0.5,-0.4406,-2.1781,-1.1655,-1.0899
ATGtrne393.txt_tr|Q9JS58|Q9JS58_CHLPN,-0.5727,-0.9496,-0.8216,-1.0734,-1.8705,-0.4863,-0.5511,-1.6014,-1.1468,-1.2187,-1.1496,-0.6906,-0.6935,-1.5727,-1.3122,-0.2734,-0.5194,-2.4014,-1.246,-0.9597
ATGtrne393.txt_tr|A0P3J2|A0P3J2_9RHOB,-0.4824,-0.4613,-0.912,-1.2676,-2.2653,-0.3439,-0.581,-1.5681,-1.0939,-1.4601,-1.3451,-0.331,-1.0986,-1.8392,-1.4448,-0.4754,-0.6021,-2.2993,-1.3451,-1.2031
ATGtrne393.txt_tr|D4UQP3|D4UQP3_RUMAL,-0.6285,-0.9406,-0.6433,-0.8556,-1.8641,-0.4756,-0.4395,-1.6773,-1.104,-1.1571,-1.1868,-0.552,-0.7558,-1.4331,-1.5605,-0.3142,-0.4947,-2.3673,-1.0552,-0.8556
ATGtrne393.txt_tr|A9UL36|A9UL36_9REOV,-0.9761,-1.5359,-1.0909,-1.6172,-1.9617,-1.0718,-1.1531,-2.0766,-1.3254,-0.8517,-0.9378,-1.2727,-0.6124,-0.9761,-2.0287,-0.8804,-0.5359,-2.4833,-0.8373,-0.7321
ATGtrne393.txt_tr|A7C594|A7C594_9GAMM,-0.707,-0.9597,-0.7179,-1.1941,-1.8571,-0.4249,-0.5385,-1.6557,-0.978,-1.4505,-1.3004,-0.5714,-0.9707,-1.5458,-1.5897,-0.4579,-0.6557,-2.044,-1.0769,-1.2161
ATGtrne393.txt_tr|Q11MS5|Q11MS5_MESSB,-0.2889,-0.6481,-0.9111,-1.2926,-1.8074,-0.6778,-0.7407,-1.3148,-1.2333,-1.3111,-1.2259,-0.6593,-0.8074,-1.7741,-1.4481,-0.3704,-0.5407,-2.3556,-1.4667,-0.9963
ATGtrne393.txt_tr|A9V127|A9V127_MONBE,-0.394,-0.9111,-0.9398,-1.1637,-1.9767,-0.606,-0.6753,-1.4273,-1.3411,-1.4733,-1.1924,-0.7273,-0.9243,-1.8007,-0.8951,-0.0182,-0.3621,-2.6156,-1.5613,-1.104
ATGtrne393.txt_tr|C4JDA5|C4JDA5_UNCRE,-0.4518,-1.1021,-1.0882,-1.1645,-2.3827,-0.7947,-0.7463,-1.5147,-1.4801,-1.2537,-1.2264,-0.8154,-1.1805,-1.7231,-1.6142,-0.5915,-0.6859,-2.5735,-1.5317,-1.0119
ATGtrne393.txt_tr|B7U884|B7U884_ARATH,-1.2678,-0.8613,-0.62,-1.0433,-1.4776,-0.7718,-0.5796,-1.9046,-0.9912,-0.8709,-0.4585,-0.6376,-0.9442,-1.2641,-1.8489,-0.4343,-0.8951,-2.2619,-1.4365,-0.9883
ATGtrne393.txt_tr|C6MTQ3|C6MTQ3_9DELT,-0.5419,-1.2413,-1.4622,-1.9898,-1.7853,-0.8466,-1.1963,-1.8364,-1.5787,-0.91,-0.7894,-1.1411,-0.5869,-1.3722,-1.7485,-0.7648,-0.546,-2.3579,-1.1513,-0.7362
ATGtrne393.txt_tr|C5K8Q3|C5K8Q3_9ALVE,-0.3235,-1.0164,-0.9901,-1.2874,-1.8243,-0.775,-0.7619,-1.3924,-1.2824,-1.1658,-1.2545,-0.8062,-0.9195,-1.7274,-1.5665,-0.3415,-0.4401,-2.4516,-1.3974,-0.7652
ATGtrne393.txt_tr|Q9DTG5|Q9DTG5_9CLOS,-0.5217,-0.9639,-1.0086,-1.3359,-1.7213,-0.9033,-0.9314,-1.6054,-1.3349,-1.1542,-1.1239,-0.7487,-0.8423,-1.486,-1.6759,-0.355,-0.5683,-2.5255,-1.2701,-0.8627
ATGtrne393.txt_tr|O51936|O51936_THESY,-0.462,-0.7477,-0.9483,-1.1307,-2.0973,-0.3465,-0.2158,-1.5319,-1.2523,-1.2614,-1.1307,-0.3799,-0.7386,-1.7812,-1.3009,-0.4225,-0.6778,-2.3951,-1.3708,-0.8419
ATGtrne393.txt_tr|D1X7C3|D1X7C3_9ACTO,-0.2834,-0.9647,-1.0595,-1.2558,-1.9526,-0.5358,-0.7299,-1.3109,-1.3241,-1.4333,-1.2569,-0.8534,-0.9129,-1.7839,-1.4399,-0.3727,-0.6086,-2.3429,-1.5072,-1.0342
ATGtrne393.txt_tr|Q822P0|Q822P0_CHLCV,-0.696,-1.2464,-1.0018,-1.1942,-1.8507,-0.6727,-0.7014,-1.8112,-1.4173,-1.0378,-1.1241,-0.946,-0.7644,-1.5108,-1.7788,-0.3759,-0.3147,-2.4281,-1.2302,-0.8579
ATGtrne393.txt_tr|Q2HB43|Q2HB43_CHAGB,-0.3879,-1.1263,-0.9726,-1.2625,-1.9276,-0.667,-0.9245,-1.2939,-1.2822,-1.3038,-1.1578,-0.982,-0.8872,-1.7209,-1.3443,-0.302,-0.5829,-2.5074,-1.4966,-1.0283
ATGtrne393.txt_tr|B9EUK1|B9EUK1_ORYSJ,-0.567,-0.9581,-0.9191,-1.1087,-2.5629,0.0431,0.0709,-2.4146,-1.4654,-1.0431,-0.5848,-0.3449,-0.8984,-2.0449,-2.3243,-0.5251,-0.6645,-3.2351,-1.9669,-1.0862
ATGtrne393.txt_tr|C3ZHS3|C3ZHS3_BRAFL,-0.6801,-1.0224,-0.9711,-1.304,-2.0751,-0.7247,-0.8385,-1.6106,-1.2876,-1.1369,-1.0551,-0.9297,-0.9608,-1.4421,-1.6087,-0.3458,-0.4886,-2.2746,-1.1853,-0.8912
ATGtrne393.txt_tr|B0RH46|B0RH46_CLAMS,-0.3284,-1.203,-1.2338,-1.4561,-1.854,-0.854,-1.0673,-1.4413,-1.4698,-0.9624,-0.9464,-1.0616,-0.6682,-1.3729,-1.4709,-0.5747,-0.4949,-1.8951,-1.0855,-0.6363
ATGtrne393.txt_tr|D2ZQE3|D2ZQE3_METSM,-1.0153,-0.9875,-0.4775,-0.89,-2.2348,-0.6376,-0.4613,-1.9912,-1.1374,-1.019,-1.0877,-0.4088,-0.9954,-1.2858,-1.9615,-0.5281,-0.7972,-2.5026,-1.0381,-1.1295
ATGtrne393.txt_tr|B0WR82|B0WR82_CULQU,0.6238,-1.2286,-1.1,-1.4667,-1.8429,-0.2905,-0.2429,-1.4571,-1.0333,-1.4714,-1.5905,-0.7381,-1.1905,-1.8286,0.019,0.2238,0.1048,-2.3286,-0.8095,-0.8381
ATGtrne393.txt_tr|A9UUZ4|A9UUZ4_MONBE,-0.3598,-1.0701,-0.6697,-0.8404,-2.0173,-0.4533,-0.5965,-1.1352,-1.1138,-1.6382,-1.6098,-0.7937,-1.1402,-1.8089,-1.1423,-0.0823,-0.5325,-2.4675,-1.4045,-1.3049
ATGtrne393.txt_tr|A3VP54|A3VP54_9PROT,-0.8042,-0.6,-0.9479,-1.1458,-2.7417,-0.6646,-0.4729,-1.6792,-1.2875,-1.4917,-1.6083,-0.5125,-1.2271,-1.8479,-1.8313,-0.625,-0.8792,-2.7583,-1.5,-1.3854
ATGtrne393.txt_tr|A7I6Q1|A7I6Q1_METB6,-0.4291,-2.1862,-1.8681,-2.5314,-2.7608,-1.6412,-2.0789,-1.6165,-2.2602,-1.0703,-0.8644,-1.9729,-0.9309,-1.5623,-2.2799,-1.0086,-0.7818,-2.73,-1.8508,-0.7953
ATGtrne393.txt_tr|B4LWF6|B4LWF6_DROVI,-0.4476,-0.9679,-0.8132,-1.1199,-2.0662,-0.4076,-0.6239,-1.3263,-1.0111,-1.4345,-1.4554,-0.6494,-1.0937,-1.8224,-0.6094,-0.23,-0.3893,-2.4528,-1.3938,-1.1265
ATGtrne393.txt_tr|B6W949|B6W949_9FIRM,-0.7359,-1.2845,-1.1721,-1.3271,-2.6133,-1.0664,-0.954,-1.937,-1.4634,-1.0562,-1.1976,-0.9387,-1.1533,-1.908,-2.0698,-0.8552,-0.9114,-3.1601,-1.7751,-1.0579
ATGtrne393.txt_tr|Q5Y190|Q5Y190_HUMAN,-0.7864,-1.0151,-0.9216,-1.2341,-1.2508,-0.7418,-0.9759,-1.3098,-1.0858,-1.2026,-1.161,-1.1782,-1.3005,-1.5375,-1.1505,-0.3387,-0.4775,-2.5535,-1.5191,-0.8753
ATGtrne393.txt_tr|Q4P3S9|Q4P3S9_USTMA,-0.3346,-0.951,-1.0153,-1.203,-1.8927,-0.6206,-0.745,-1.5862,-1.3178,-1.0864,-0.9301,-0.7428,-0.7462,-1.554,-1.4303,-0.3043,-0.535,-2.3099,-1.3439,-0.812
ATGtrne393.txt_tr|B9G758|B9G758_ORYSJ,-0.2906,-0.9537,-0.9596,-1.2005,-1.8482,-0.5826,-0.6371,-1.474,-1.0908,-1.2382,-1.0987,-0.7207,-0.7964,-1.6151,-1.1323,-0.1765,-0.3245,-2.3197,-1.2975,-0.914
ATGtrne393.txt_tr|Q4MVI9|Q4MVI9_BACCE,-0.6185,-1.1503,-1.0983,-1.7457,-1.8324,-0.9538,-1.2948,-1.6358,-1.3584,-1.1272,-1.1387,-1.0058,-0.8439,-1.341,-1.6879,-0.5665,-0.4913,-2.474,-1.1618,-1
ATGtrne393.txt_tr|A8YGU9|A8YGU9_MICAE,-0.8328,-0.9861,-0.7387,-1.2056,-2.2439,-0.5958,-0.6132,-1.784,-1.1185,-1.1638,-1.3171,-0.5226,-0.9582,-1.3798,-1.7143,-0.4146,-0.4913,-2.216,-0.9373,-1.0348
ATGtrne393.txt_tr|Q8IM09|Q8IM09_PLAF7,-1.0721,-0.8715,0.1337,-0.7541,-2.0394,-0.5365,-0.5432,-1.7646,-0.7782,-1.1714,-1.1767,-0.4865,-0.7554,-1.3819,-1.8828,-0.2455,-0.595,-2.4889,-0.974,-1.0979
ATGtrne393.txt_tr|C4B4C8|C4B4C8_MANSE,-0.8124,-1.1401,-0.8132,-1.0546,-2.3647,-0.6839,-0.5557,-1.8105,-1.2377,-1.3572,-1.4025,-0.5052,-1.2377,-1.8901,-1.7414,-0.5291,-0.6667,-2.8468,-1.5583,-0.9256
ATGtrne393.txt_tr|Q7RLW2|Q7RLW2_PLAYO,-0.8251,-0.6021,-0.6617,-1.0298,-2.772,0.1739,0.4764,-2.4347,-1.46,-1.2663,-0.695,0.2737,-1.0864,-2.2305,-2.611,-0.4401,-0.7178,-3.4044,-2.0149,-1.3577
ATGtrne393.txt_tr|C1PEJ6|C1PEJ6_BACCO,-0.8462,-0.6769,-0.8846,-1.3538,-2.1385,-0.5231,-0.4538,-1.8692,-0.9308,-1.3231,-0.9692,-0.6077,-0.5385,-1.3538,-1.9462,-0.6769,-0.7538,-2.1231,-1.0385,-1.1846
ATGtrne393.txt_tr|B9ESY6|B9ESY6_ORYSJ,-0.3451,-0.6275,-0.9804,-1.3529,-1.7647,-0.5882,-0.7451,-1.4392,-1.2039,-1.302,-1.0902,-0.6902,-0.7098,-1.8549,-1.3647,-0.5176,-0.7412,-2.4196,-1.4941,-1.0157
ATGtrne393.txt_tr|Q98216|Q98216_MCV1,-0.6133,-1.0813,-1.0517,-1.4212,-1.9655,-1.101,-1.1724,-1.9458,-1.2685,-0.8744,-1.0148,-0.9187,-0.9113,-1.3695,-1.5074,-0.601,-0.5049,-2.4581,-1.1355,-0.8325
ATGtrne393.txt_tr|D4CU80|D4CU80_9FUSO,-0.6678,-0.959,-0.3555,-0.7752,-2.0421,-0.5526,-0.4086,-1.3821,-1.1384,-1.196,-1.2946,-0.4762,-0.845,-1.5991,-1.6124,-0.2326,-0.4009,-2.4906,-1.2315,-0.8394
ATGtrne393.txt_tr|D2WXM2|D2WXM2_9ALPC,-0.8127,-1.6779,-1.4494,-2.2097,-1.7566,-1.4045,-1.8464,-2.0824,-1.8127,-0.7228,-0.8202,-1.6067,-0.6479,-1.1723,-2.2622,-0.7828,-0.5918,-2.0936,-1.161,-0.5805
ATGtrne393.txt_tr|B9YVM8|B9YVM8_ANAAZ,-0.3497,-1.194,-1.0574,-1.3169,-2.4071,-1.0656,-0.7678,-1.377,-1.541,-1.265,-1.1967,-0.7158,-1.0355,-1.8825,-1.8607,-0.7131,-0.7077,-2.8333,-1.7049,-0.8169
ATGtrne393.txt_tr|D4A1R1|D4A1R1_RAT,-0.4845,-0.4646,-0.8617,-0.9325,-2.7633,0.1637,0.1515,-1.8296,-1.2456,-1.6936,-0.8993,-0.1184,-1.0874,-2.4801,-1.6726,-0.1383,-0.6383,-3.4015,-2.3407,-1.4746
ATGtrne393.txt_tr|Q0CPX4|Q0CPX4_ASPTN,-0.4264,-0.9255,-1.016,-1.3121,-1.9362,-0.8191,-0.7207,-1.4184,-1.2252,-1.1348,-1.0993,-0.6658,-0.9193,-1.6241,-1.344,-0.4353,-0.6312,-2.3431,-1.3502,-0.8635
ATGtrne393.txt_tr|B8ADA2|B8ADA2_ORYSI,-1.0987,-0.8256,-0.7561,-1.1721,-1.8856,-0.719,-0.4515,-1.719,-1.3047,-1.1452,-0.7837,-0.4886,-1.0845,-1.7609,-1.8011,-0.3189,-0.8153,-2.7616,-1.7758,-1.0655
ATGtrne393.txt_tr|D1ZHI0|D1ZHI0_SORMA,-0.4511,-0.9306,-0.9575,-0.9614,-2.1413,-0.4233,-0.738,-1.1862,-1.065,-1.2498,-1.1789,-0.8402,-1.1056,-1.6413,-1.0499,-0.3275,-0.5645,-2.3294,-1.2933,-0.9487
ATGtrne393.txt_tr|Q2Y541|Q2Y541_9ARCH,-0.8986,-1.2754,-1.2319,-1.3333,-1.9855,-0.7101,-0.8551,-1.913,-1.5362,-0.6812,-0.6522,-1.1304,-0.3478,-1.8116,-2.1304,-0.7971,-0.4493,-2.8406,-1.4783,-0.5797
ATGtrne393.txt_tr|Q46EE9|Q46EE9_METBF,-0.6612,-1.0358,-0.6474,-0.876,-1.6556,-0.551,-0.4986,-1.6419,-1.1295,-1.1102,-1.1515,-0.6391,-0.7163,-1.4848,-1.6556,-0.259,-0.4959,-2.3058,-1.1901,-0.8843
ATGtrne393.txt_tr|B5SK23|B5SK23_RALSO,-0.2,-0.9476,-1,-1.1952,-1.8333,-0.5619,-0.7048,-1.3857,-1.281,-1.0714,-1.0524,-0.8714,-0.6286,-1.7429,-1.4238,-0.3524,-0.4476,-2.3476,-1.3952,-0.7095
ATGtrne393.txt_tr|Q2A9S4|Q2A9S4_BRAOL,-0.8079,-1.1137,-1.0844,-1.3867,-1.9208,-0.8036,-0.8984,-1.7709,-1.2696,-1.1542,-1.0267,-0.9044,-0.8183,-1.3092,-1.4513,-0.3592,-0.6813,-2.18,-1.1395,-0.8648
ATGtrne393.txt_tr|D3EEF7|D3EEF7_GEOS4,-0.7035,-1.2587,-1.0909,-1.5371,-1.9105,-0.9301,-1.2266,-1.5063,-1.3147,-0.9804,-0.9497,-1.1497,-0.9469,-1.1566,-1.7497,-0.5161,-0.649,-2.4182,-1.1832,-0.7147
ATGtrne393.txt_tr|Q210X5|Q210X5_RHOPB,-0.2171,-0.5814,-0.8062,-1.1163,-1.876,-0.4496,-0.5659,-1.1628,-1.2558,-1.3953,-1.2946,-0.5271,-0.7519,-1.814,-1.3256,-0.0388,-0.3411,-2.6357,-1.6279,-1.062
ATGtrne393.txt_tr|Q2NSU9|Q2NSU9_SODGM,-0.6562,-0.8854,-1.3802,-1.8125,-2.0521,-0.7917,-1.1615,-1.9635,-1.5365,-0.9896,-0.6979,-1.0885,-0.474,-1.401,-1.6354,-0.724,-0.5521,-2.1771,-1.2604,-0.7812
ATGtrne393.txt_tr|B6VBW3|B6VBW3_9PELO,-0.6719,-0.985,-1.4917,-0.8108,-3.1269,-0.2485,-0.8836,1.2387,-2.0465,-2.298,-2.2267,-0.6404,-1.5991,-2.8844,1.8371,-0.7845,-1.3971,-3.9077,-3.1907,-2.0931
ATGtrne393.txt_tr|Q2NRU4|Q2NRU4_SODGM,-0.5743,-0.932,-0.6499,-1.1385,-1.835,-0.5592,-0.6297,-1.7254,-1.0605,-1.1146,-0.9899,-0.5693,-0.6171,-1.4836,-1.5327,-0.2557,-0.4924,-2.3224,-1.1448,-0.9093
ATGtrne393.txt_tr|A2BDJ1|A2BDJ1_MYOLU,-0.7322,-0.9781,-1.1749,-1.6995,-2.0219,-0.5683,-0.9672,-1.8852,-1.224,-1.2951,-1.3169,-0.8798,-0.8525,-1.6011,-1.9344,-0.6448,-0.6066,-2.0874,-1.1366,-0.9891
ATGtrne393.txt_tr|A1WZD0|A1WZD0_HALHL,-0.4618,-0.8658,-0.8781,-0.7131,-2.0419,-0.4692,-0.3128,-1.2254,-1.0148,-1.5456,-1.4298,-0.7968,-0.9938,-1.7796,-1.3214,-0.4335,-0.7414,-2.2475,-1.3584,-1.2131
ATGtrne393.txt_tr|B9FYM2|B9FYM2_ORYSJ,-0.2217,-0.9515,-0.9515,-1.3395,-2.6178,-0.1097,-0.8395,-1.0473,-1.3487,-1.8476,-1.5924,-0.776,-1.1074,-2.2887,0.3476,0.0323,-0.3152,-3.0785,-1.8395,-1.1859
ATGtrne393.txt_tr|A8JB92|A8JB92_CHLRE,0.4396,-1.3973,-0.7802,-1.5511,-2.3498,-0.4499,-1.1785,-0.0248,-1.8101,-2.2477,-2.0134,-0.7977,-1.6791,-1.806,0.386,0.6213,0.1816,-2.6171,-1.9381,-1.6553
ATGtrne393.txt_tr|B4NK68|B4NK68_DROWI,-0.6995,-0.9612,-1.0254,-1.4009,-2.1673,-0.5857,-0.9839,-1.6727,-1.1392,-1.2041,-0.9471,-0.9806,-0.7945,-1.3159,-1.4431,-0.5161,-0.577,-2.0435,-1.0716,-0.9351
ATGtrne393.txt_tr|B4W502|B4W502_9CYAN,-0.5895,-0.9616,-0.9278,-1.135,-2.0169,-0.4864,-0.6373,-1.6645,-1.179,-1.2081,-1.1106,-0.7273,-0.7488,-1.5998,-1.5689,-0.492,-0.6598,-2.284,-1.1987,-0.9485
ATGtrne393.txt_tr|A1S0S6|A1S0S6_THEPD,-0.2935,-0.7869,-1.0991,-1.443,-1.914,-0.6449,-0.6243,-1.4037,-1.4037,-1.0822,-0.8673,-0.6131,-0.6187,-1.5981,-1.6206,-0.4561,-0.686,-2.3682,-1.3159,-0.7701
ATGtrne393.txt_tr|A4IR54|A4IR54_GEOTN,-0.9615,-0.7692,-0.9231,-1.4231,-2.1923,-0.5897,-0.7179,-1.9615,-0.9872,-1.0641,-0.9359,-0.5128,-0.5385,-1.2949,-1.7564,-0.5256,-0.6154,-2.359,-0.9872,-0.9615
ATGtrne393.txt_tr|Q98UC4|Q98UC4_CHICK,-0.5604,-1.2488,-1.3027,-1.533,-2.1989,-0.9026,-1.1908,-1.5346,-1.3631,-1.1828,-0.9147,-1.1506,-1.0395,-1.5056,-1.1312,-0.128,-0.3663,-2.566,-1.5193,-0.8623
ATGtrne393.txt_tr|C1EAX2|C1EAX2_9CHLO,-0.4187,-1.2075,-1.2242,-1.225,-2.2155,-0.8861,-0.6763,-1.6415,-1.5566,-1.3033,-1.3012,-0.8534,-1.1277,-1.8338,-1.7388,-0.7758,-0.8701,-2.6698,-1.5893,-1.0196
ATGtrne393.txt_tr|Q9X4J3|Q9X4J3_EHRCA,-0.0116,-0.4491,-0.6047,-0.1323,-3.1672,0.4506,1.1468,-1.5988,-1.4637,-1.8241,-1.5552,0.6802,-1.9331,-2.936,0.0378,0.5102,0.0523,-3.9549,-2.7006,-0.9535
ATGtrne393.txt_tr|Q0FYS6|Q0FYS6_9RHIZ,-0.3794,-1.1994,-1.283,-1.3762,-2.1318,-1.0129,-0.9132,-1.5563,-1.3585,-0.8955,-0.7492,-1.0563,-0.7605,-1.4212,-1.627,-0.6817,-0.6141,-2.1688,-1.4341,-0.6768
ATGtrne393.txt_tr|Q2H2A6|Q2H2A6_CHAGB,-0.5431,-0.989,-0.8422,-1.1239,-1.8963,-0.6128,-0.8183,-1.7376,-1.289,-1.0706,-0.8862,-1.0018,-0.989,-1.3358,-1.1642,-0.0881,-0.411,-2.2963,-1.2394,-1.0367
ATGtrne393.txt_tr|A9GM32|A9GM32_SORC5,-0.1004,-0.9384,-1.0214,-1.1566,-1.7015,-0.6801,-0.7416,-1.1111,-1.332,-1.3802,-1.2999,-0.7497,-0.8594,-1.83,-0.9799,-0.2329,-0.5663,-2.494,-1.5703,-0.9759
ATGtrne393.txt_tr|C6MKY8|C6MKY8_9DELT,-0.4684,-0.6487,-0.7389,-1.106,-1.7911,-0.4288,-0.4589,-1.6345,-1.0396,-1.3877,-1.2484,-0.4335,-0.7959,-1.682,-1.3782,-0.2896,-0.5491,-2.3987,-1.2722,-1.087
ATGtrne393.txt_tr|A7SRF7|A7SRF7_NEMVE,-0.5495,-1.1246,-0.7072,-1.0015,-1.7342,-0.5736,-0.542,-1.7087,-1.1652,-0.9925,-0.9399,-0.7432,-0.5736,-1.461,-1.4715,-0.1577,-0.3574,-2.4219,-1.2748,-0.7673
ATGtrne393.txt_tr|D2BPF2|D2BPF2_LACLK,-0.4645,-1.0611,-0.5265,-1.035,-1.9139,-0.5536,-0.7117,-1.3263,-1.2162,-1.2402,-1.2242,-0.7648,-0.8008,-1.6146,-1.4555,-0.1902,-0.3103,-2.3093,-1.2402,-0.9029
ATGtrne393.txt_tr|C4N5E9|C4N5E9_9CALI,-0.669,-1.235,-1.0672,-1.3042,-2.0283,-0.9444,-1.047,-1.6069,-1.5831,-1.0753,-1.1738,-0.8828,-0.8858,-1.5523,-1.5821,-0.615,-0.4715,-2.5634,-1.4234,-0.8105
ATGtrne393.txt_tr|C0W0X9|C0W0X9_9ACTO,-0.3027,-1.0335,-0.6998,-1.0238,-1.8793,-0.6582,-0.6729,-1.1724,-1.3392,-1.3088,-1.3656,-0.784,-0.9589,-1.7181,-1.2799,-0.1445,-0.2819,-2.2814,-1.4229,-0.8844
ATGtrne393.txt_tr|Q9SSF7|Q9SSF7_ARATH,-0.6959,-0.9255,-1.069,-1.2445,-2.0854,-0.6505,-0.7124,-1.6356,-1.3158,-1.2884,-1.1701,-0.6865,-1.0149,-1.7171,-1.2766,-0.4389,-0.5831,-2.3958,-1.4953,-0.9193
ATGtrne393.txt_tr|C3YCA2|C3YCA2_BRAFL,-0.6641,-0.8659,-0.7127,-0.9024,-2.0233,-0.3589,-0.4572,-1.4351,-1.0793,-1.5622,-1.4549,-0.6093,-0.9988,-1.9584,-1.3188,-0.2232,-0.6151,-2.584,-1.5365,-1.2224
ATGtrne393.txt_tr|C4WKS6|C4WKS6_9RHIZ,-0.3566,-0.9517,-1.1609,-1.0563,-2.2708,-0.7614,-0.8016,-1.3003,-1.3003,-1.3137,-1.3539,-0.9464,-1.0295,-1.7105,-1.2895,-0.622,-0.7802,-2.3512,-1.4477,-1.0054
ATGtrne393.txt_tr|Q6MZD1|Q6MZD1_9ARCH,-0.361,-1.361,-1.2401,-1.3765,-2.1157,-0.8221,-0.9603,-1.4836,-1.4145,-1.5199,-1.5043,-0.9413,-0.9896,-1.81,-1.8048,-0.6356,-0.7237,-2.3817,-1.4024,-1.2401
ATGtrne393.txt_tr|D3E3Z8|D3E3Z8_METRM,-0.823,-1.6195,-1.4956,-1.7965,-1.708,-1.3186,-1.3009,-2.0177,-1.9735,-0.2389,-0.3097,-0.9912,-0.2832,-1.4159,-2.0885,-0.7345,-0.5664,-2.7345,-1.4956,-0.3628
ATGtrne393.txt_tr|A4H708|A4H708_LEIBR,0.0193,-0.9301,-0.8839,-1.0818,-1.5268,-0.6726,-0.7173,-1.122,-1.2917,-1.4182,-1.3348,-0.7976,-0.9241,-1.8512,-0.936,0.0179,-0.3065,-2.5193,-1.5432,-0.9405
ATGtrne393.txt_tr|Q8ZUL3|Q8ZUL3_PYRAE,-0.4737,-0.4693,-1.0614,-1.2807,-2.0877,-0.2544,-0.1535,-1.9035,-1.307,-0.9737,-0.8421,-0.2675,-0.4693,-1.6842,-1.6053,-0.5307,-0.6974,-2.5132,-1.3904,-0.6579
ATGtrne393.txt_tr|P73131|P73131_SYNY3,-0.6989,-1.6394,-1.3309,-1.6431,-1.8848,-0.9703,-1.2528,-1.6208,-1.658,-0.9257,-0.881,-1.3941,-0.6097,-1.4907,-1.8178,-0.6952,-0.4498,-2.3606,-1.29,-0.8104
ATGtrne393.txt_tr|Q8FE02|Q8FE02_ECOL6,-0.8884,-1.0982,-0.9911,-1.6339,-2.2411,-0.9643,-1.1786,-2.1429,-1.4375,-1.1027,-0.9821,-0.9598,-0.7634,-1.2991,-2.2009,-0.8438,-0.9955,-2.3571,-1.1295,-1.0625
ATGtrne393.txt_tr|Q5B3Z3|Q5B3Z3_EMENI,-0.3935,-0.8646,-1.1763,-1.3117,-2.2835,-0.897,-0.9633,-1.2609,-1.2384,-1.2793,-1.0578,-0.9633,-1.0451,-1.4824,-1.4006,-0.6276,-0.7997,-2.2962,-1.3653,-0.9422
ATGtrne393.txt_tr|D2NTP7|D2NTP7_ROTMD,-0.609,-1.3324,-1.3005,-1.5771,-2.6755,-0.9707,-1.0638,-2.0691,-1.641,-1.5691,-1.3324,-0.875,-1.4043,-1.6995,-1.8431,-0.8351,-0.8697,-2.7766,-1.5612,-1.5
ATGtrne393.txt_tr|Q5FAK4|Q5FAK4_NEIG1,-0.9223,-0.7735,-0.589,-1.356,-2.2913,-0.4531,-0.6958,-1.9191,-1.1877,-1.3819,-1.4142,-0.4013,-0.932,-1.6861,-1.712,-0.5502,-0.6181,-2.4887,-1.3204,-1.2427
ATGtrne393.txt_tr|Q01CF6|Q01CF6_OSTTA,-0.3754,-0.8198,-0.9406,-0.9427,-2.0799,-0.6573,-0.4,-1.4908,-1.3816,-1.4,-1.4048,-0.4505,-1.0294,-1.843,-1.099,-0.3836,-0.5481,-2.5515,-1.5631,-1
ATGtrne393.txt_tr|O07704|O07704_MYCLE,-0.2866,-0.7012,-0.7683,-1.2805,-1.6341,-0.3476,-0.6524,-1.6768,-0.561,-1.5061,-1.4024,-0.5244,-0.811,-2,-0.6159,-0.189,-0.2378,-2.5793,-1.3293,-1.0305
ATGtrne393.txt_tr|B4JUF7|B4JUF7_DROGR,-0.0148,-0.8734,-0.884,-1.3584,-2.7651,0.3527,-0.6847,-0.9337,-1.164,-1.9358,-1.7566,-0.649,-1.1072,-2.3291,1.0328,0.3686,-0.0409,-3.1538,-1.7125,-1.1841
ATGtrne393.txt_tr|D2UAK5|D2UAK5_XANAP,-0.3127,-0.6582,-0.9382,-1.2509,-1.7382,-0.48,-0.7091,-1.4145,-1.2,-1.3091,-1.1345,-0.64,-0.7018,-1.9345,-1.4255,-0.4436,-0.6109,-2.3527,-1.5309,-0.9855
ATGtrne393.txt_tr|A9MMY5|A9MMY5_SALAR,-0.4331,-0.7943,-0.8236,-1.0334,-1.9967,-0.49,-0.5552,-1.3278,-1.1764,-1.4289,-1.3462,-0.6413,-0.8779,-1.7199,-1.2834,-0.3244,-0.4975,-2.291,-1.3219,-1.0142
ATGtrne393.txt_tr|Q2VNY0|Q2VNY0_ECOLX,-1.0472,-1.4016,-1.6772,-2.2205,-1.811,-1.1575,-1.5827,-2.2677,-1.7087,-0.4961,-0.6535,-1.2992,-0.4331,-0.874,-1.8819,-1.0157,-0.685,-2.0709,-0.9134,-0.5748
ATGtrne393.txt_tr|B9GBB4|B9GBB4_ORYSJ,-0.3098,-1.304,-1.515,-1.6848,-2.28,-0.978,-1.1931,-1.6216,-1.584,-1.4028,-1.2888,-1.2158,-1.0453,-2.0213,-1.9868,-0.8177,-0.932,-2.9547,-1.8803,-1.0741
ATGtrne393.txt_tr|A5JYU4|A5JYU4_CAEEL,-0.4493,-1.1471,-0.6406,-0.3197,-2.4986,-0.1765,0.555,-1.4971,-1.4711,-1.4896,-1.5344,-0.3121,-1.4114,-2.2922,-0.5126,0.03,-0.1199,-2.9749,-2.0418,-1.0036
ATGtrne393.txt_tr|B9P699|B9P699_POPTR,-0.4873,-1.1288,-1.4842,-1.4526,-2.5667,-0.7548,-0.9445,-1.8759,-1.2899,-1.1974,-1.0524,-1.2498,-1.2151,-1.7039,-1.8589,-0.8319,-0.7301,-2.6407,-1.6646,-0.9668
ATGtrne393.txt_tr|B6JW76|B6JW76_SCHJY,-0.44,-0.2518,-0.9059,-0.8918,-2.7976,0.3576,0.6141,-2.0306,-1.5506,-1.5906,-0.8753,0.3741,-1.3294,-2.5459,-1.8376,0.0118,-0.6094,-3.3647,-2.2659,-1.3671
ATGtrne393.txt_tr|B4MIX9|B4MIX9_DROWI,-0.6576,-0.8575,-0.492,-0.5987,-2.362,-0.0561,-0.0027,-1.552,-1.2422,-1.7605,-1.7071,-0.1182,-1.3467,-2.4189,-0.6423,0.117,-0.2611,-2.9796,-1.8956,-1.3824
ATGtrne393.txt_tr|Q0KJI7|Q0KJI7_9SPHN,0.285,-0.8673,-1.0934,-1.3661,-1.8305,-0.4595,-0.6929,-0.9754,-1.4988,-1.6339,-1.4889,-0.6486,-1.0197,-2.1548,-0.5233,-0.0074,-0.5233,-2.5233,-1.8084,-1.0565
ATGtrne393.txt_tr|Q5FNG7|Q5FNG7_GLUOX,-0.4094,-1.0315,-0.5906,-1.0079,-1.8031,-0.4409,-0.6299,-1.0787,-1.315,-1.1496,-1.2913,-0.8976,-0.7402,-1.6772,-1.5512,-0.2126,-0.3307,-2.2913,-1.3543,-0.6457
ATGtrne393.txt_tr|B4VIY7|B4VIY7_9CYAN,-0.47,-0.6077,-0.8488,-1.0007,-1.7632,-0.2496,-0.1883,-1.9486,-0.868,-1.0685,-0.5542,-0.3338,-0.7347,-1.4544,-2.1954,-0.7076,-1.132,-2.2789,-0.7832,-1.1391
ATGtrne393.txt_tr|C9DFZ1|C9DFZ1_9CAUD,-0.3652,-0.8904,-0.7697,-1.0309,-2.0281,-0.382,-0.4972,-1.264,-1.3062,-1.5534,-1.427,-0.4242,-0.9691,-1.6938,-1.1854,-0.3258,-0.6433,-2.0983,-1.3708,-1.1376
ATGtrne393.txt_tr|D3CD47|D3CD47_9ACTO,-0.1467,-0.6511,-1.4044,-1.4222,-1.96,-0.8822,-0.9111,-1.2978,-1.5067,-1.4467,-1.0333,-1.1044,-0.9533,-1.98,-1.6089,-0.6978,-0.6889,-2.5533,-1.7978,-1.0244
ATGtrne393.txt_tr|D4D1Q6|D4D1Q6_TRIVH,-0.6407,-1.2198,-1.309,-1.5477,-2.6734,-0.7205,-0.6124,-2.0452,-1.5107,-1.1476,-0.8078,-0.657,-1.1407,-1.5258,-1.7657,-0.4165,-0.6137,-2.7896,-1.6087,-1.0144
ATGtrne393.txt_tr|B3MQ60|B3MQ60_DROAN,-0.6926,-1.1238,-1.1034,-1.2643,-1.8447,-0.7622,-0.9328,-1.7204,-1.1215,-1.2392,-1.0051,-0.8683,-0.9847,-1.4738,-1.7153,-0.3514,-0.5554,-2.1113,-1.286,-1.0672
ATGtrne393.txt_tr|A6UTX8|A6UTX8_META3,-0.6129,-1.5484,-1.5242,-1.9637,-1.9032,-1.2097,-1.2984,-1.7137,-1.6411,-0.4355,-0.4435,-1.2258,-0.3306,-1.1371,-1.8508,-0.8427,-0.6855,-2.0645,-1.0565,-0.4113
ATGtrne393.txt_tr|A8WXI2|A8WXI2_CAEBR,-0.8819,-0.695,-0.5898,-0.8021,-0.6021,-0.2563,-0.4199,-1.1332,-0.5743,-1.6194,-1.2429,-0.8961,-1.4521,-1.8283,-1.1589,-0.3469,-0.5639,-2.7901,-1.578,-1.2199
ATGtrne393.txt_tr|D4ZWA9|D4ZWA9_SPIPL,-0.5388,-0.8886,-0.8584,-1.2297,-1.854,-0.6177,-0.6203,-1.715,-1.0171,-1.0075,-0.868,-0.5533,-0.7339,-1.3595,-1.8584,-0.5783,-0.8369,-2.1688,-0.9093,-0.9154
ATGtrne393.txt_tr|A9SV01|A9SV01_PHYPA,-0.5124,-0.973,-0.5978,-1.0584,-1.6225,-0.6157,-0.7101,-1.2697,-1.2607,-1.2674,-1.2022,-0.7663,-0.7416,-1.6,-1.4764,-0.1483,-0.4584,-2.3618,-1.373,-1.009
ATGtrne393.txt_tr|Q6YQX1|Q6YQX1_ONYPE,-0.4773,-1.5227,-1.4602,-1.7812,-2.268,-1.2093,-1.3722,-1.7983,-1.8617,-0.5189,-0.7614,-1.3144,-0.8911,-1.3778,-2.2292,-0.7519,-0.6676,-2.7775,-1.7045,-0.5
ATGtrne393.txt_tr|A8XP65|A8XP65_CAEBR,-0.9767,-0.8138,-0.6667,-1.3111,-1.9503,-0.5926,-0.7831,-1.9101,-0.9746,-1.291,-0.8741,-0.7524,-1.0868,-1.4942,-1.6011,-0.2868,-0.5333,-2.5513,-1.4656,-1.1471
ATGtrne393.txt_tr|D2D0B6|D2D0B6_9REOV,-0.3922,-0.9412,-0.9804,-1.4863,-2.1608,-0.6863,-0.8588,-1.5529,-1.6118,-1.1765,-1.051,-0.6157,-0.4941,-2.0275,-1.7176,-0.2824,-0.3255,-2.7804,-1.8392,-0.7961
ATGtrne393.txt_tr|Q4S836|Q4S836_TETNG,-0.9389,-1.4812,-1.6184,-1.9893,-2.2401,-1.3173,-1.5874,-1.9507,-1.6024,-0.9475,-0.7996,-1.4416,-0.8564,-1.0868,-2.1093,-0.6495,-0.7149,-2.5113,-1.3462,-0.8124
ATGtrne393.txt_tr|Q4D375|Q4D375_TRYCR,-0.077,-1.358,-1.0284,-1.4872,-1.421,-0.9898,-1.1338,-1.1088,-1.5068,-0.9795,-1.0134,-1.1327,-0.6912,-1.5651,-1.404,-0.1545,-0.2716,-2.4341,-1.3659,-0.6077
ATGtrne393.txt_tr|C6QJQ0|C6QJQ0_9RHIZ,-0.3608,-1.254,-1.5501,-1.4583,-2.4695,-0.8772,-0.7638,-1.6382,-1.8172,-1.1378,-1.119,-0.7263,-1.0394,-1.881,-1.3683,-0.776,-0.7188,-2.717,-1.6504,-0.9175
ATGtrne393.txt_tr|C1NFQ3|C1NFQ3_9ESCH,-0.7664,-1.4734,-1.0615,-1.4529,-2.6947,-0.9918,-1.0246,-2.123,-1.5574,-1.0574,-1.1762,-0.8033,-1.3627,-1.9037,-2.1373,-1.0246,-0.9365,-3.0738,-1.5225,-1.041
ATGtrne393.txt_tr|Q4RNL1|Q4RNL1_TETNG,-0.4983,-0.9745,-0.9422,-1.201,-2.2402,-0.4652,-0.7935,-1.3365,-1.2932,-1.6456,-1.3434,-0.8761,-1.1459,-1.9009,-0.989,-0.1624,-0.6125,-2.8507,-1.6518,-1.2333
ATGtrne393.txt_tr|B9P4S2|B9P4S2_POPTR,-0.0734,-0.5284,-0.8185,-0.9742,-2.2392,0.0811,0.1618,-1.4748,-1.3409,-1.5276,-1.0218,-0.1537,-0.931,-2.1287,-2.0436,-0.2501,-0.6486,-2.7168,-1.8762,-1.142
ATGtrne393.txt_tr|A3L6X1|A3L6X1_PSEAE,-0.443,-0.719,-0.7266,-1.0633,-2.0203,-0.357,-0.4886,-1.2785,-1.0582,-1.5089,-1.3772,-0.6203,-0.8658,-1.6481,-1.4025,-0.2962,-0.6456,-2.3063,-1.2,-1.1747
ATGtrne393.txt_tr|Q5GQX0|Q5GQX0_BPSYP,-0.3707,-1.123,-0.6767,-1.0473,-1.8249,-0.7792,-0.7729,-1.0442,-1.3328,-1.2161,-1.3123,-0.9306,-0.8991,-1.5237,-1.3628,-0.1767,-0.3596,-2.3312,-1.2744,-0.8155
ATGtrne393.txt_tr|B2VKH3|B2VKH3_ERWT9,-0.5114,-1.1943,-1.1843,-1.3357,-2.3821,-0.995,-0.7636,-1.3886,-1.4664,-1.11,-1.33,-0.8393,-1.2086,-1.8307,-1.8957,-0.8529,-0.7186,-2.9486,-1.6729,-0.8121
ATGtrne393.txt_tr|D3NRA4|D3NRA4_AZOS1,-0.4256,-1.0032,-0.9184,-1.1232,-2.0728,-0.7784,-0.7208,-1.46,-1.3296,-1.2016,-1.1568,-0.7592,-0.9304,-1.544,-1.6432,-0.52,-0.5776,-2.3136,-1.2848,-1.0584
ATGtrne393.txt_tr|Q32VR8|Q32VR8_CAMJE,-0.8907,-1.0674,-0.6651,-1.3465,-2.0372,-0.6884,-0.7488,-1.9349,-1.0023,-1.0791,-0.9977,-0.5814,-0.6837,-1.1535,-1.6953,-0.6023,-0.6977,-2.2535,-0.7395,-0.9581
ATGtrne393.txt_tr|A0B623|A0B623_METTP,-0.8046,-0.8812,-1.1648,-1.1418,-2.2529,-0.8276,-0.6628,-1.8199,-1.1686,-1.1303,-0.9923,-0.7778,-0.6667,-1.2184,-1.5862,-0.6667,-0.751,-2.2644,-1.092,-0.9234
ATGtrne393.txt_tr|A8SG42|A8SG42_9FIRM,-0.4921,-1.0842,-0.95,-1.3026,-2.35,-1.1895,-0.8921,-1.5553,-1.2026,-0.9395,-1.1553,-0.8026,-1.1395,-1.4026,-1.7763,-0.8447,-0.7026,-2.3132,-1.0895,-0.7079
ATGtrne393.txt_tr|A8JA83|A8JA83_CHLRE,0.2489,-0.9773,-1.2043,-1.3732,-1.7489,-0.5748,-0.7011,-1.0111,-1.4796,-1.4762,-1.3378,-0.8081,-0.9954,-2.1195,-0.7836,-0.1265,-0.4812,-2.5329,-1.7977,-0.9342
ATGtrne393.txt_tr|Q49543|Q49543_MYCHO,-0.236,0.0642,-0.4316,-0.4818,-3.2053,1.1606,1.6215,-2.676,-1.345,-1.4832,-0.4679,1.1103,-1.0307,-2.9372,-3.1899,-0.433,-0.6899,-3.8561,-2.5293,-1.507
ATGtrne393.txt_tr|Q2JYJ3|Q2JYJ3_RHIEC,-0.0539,-1.8215,-2.1582,-2.6263,-2.7138,-1.633,-2.2088,-1.3704,-2.7744,-0.0168,-0.1111,-1.9731,-0.4074,-1.0202,-1.9428,-0.7071,-0.6296,-2.4242,-1.6498,0.0067
ATGtrne393.txt_tr|D3QZ10|D3QZ10_CLOB3,-0.371,-1.0032,-1.4503,-1.3763,-2.3076,-1.0148,-0.9049,-1.6501,-1.6564,-1.1649,-1.1607,-0.9958,-1.2061,-1.9915,-1.8647,-0.8118,-0.8488,-2.9419,-1.8605,-0.9894
ATGtrne393.txt_tr|Q8IB94|Q8IB94_PLAF7,-1.0653,-0.8782,0.3203,-0.3589,-2.3229,-0.3965,-0.2563,-1.6431,-0.8338,-1.4245,-1.4399,-0.4568,-1.0481,-1.7719,-1.7571,-0.069,-0.5307,-2.8321,-1.3682,-1.2753
ATGtrne393.txt_tr|B4MJI9|B4MJI9_DROWI,-0.2883,-0.6866,-0.4832,-0.8438,-1.9969,-0.2044,-0.3805,-1.2159,-0.8637,-1.7421,-1.7442,-0.4895,-1.196,-2.2149,-0.4927,0.5734,0.2474,-2.7421,-1.7264,-1.3449
ATGtrne393.txt_tr|D3B9P0|D3B9P0_POLPA,-0.6324,-0.9559,-0.4443,-1.2949,-2.667,0.4333,-0.4604,-1.3967,-1.0005,-1.6901,-1.4218,-0.6229,-0.8666,-2.2172,-0.6043,-0.0928,-0.4654,-3.1424,-1.8305,-1.3551
ATGtrne393.txt_tr|B3FYI7|B3FYI7_9CAUD,-0.7974,-0.7712,-1.0588,-1.183,-2.2941,-0.6144,-0.5163,-1.4444,-1.1307,-1.4444,-1.5163,-0.2876,-1.085,-1.6013,-1.3987,-0.5948,-0.7712,-2.2484,-1.1961,-1.2484
ATGtrne393.txt_tr|B3LBM6|B3LBM6_PLAKH,-0.8714,-0.838,-0.5188,-1.0974,-1.9728,-0.5581,-0.5977,-1.6417,-0.8781,-1.3,-1.2085,-0.4285,-0.7972,-1.4013,-1.7149,-0.3635,-0.6239,-2.2678,-0.9429,-1.1056
ATGtrne393.txt_tr|D3NWQ3|D3NWQ3_AZOS1,-0.3467,-0.8593,-1.0503,-1.0704,-1.7085,-0.6834,-0.6985,-1.2613,-1.3618,-1.402,-1.3317,-0.7437,-0.8241,-1.9497,-1.1809,-0.392,-0.6884,-2.4523,-1.6432,-1.0553
ATGtrne393.txt_tr|B2JB93|B2JB93_NOSP7,-0.4416,-1.0519,-0.2208,-0.7792,-1.8052,-0.3506,-0.2468,-1.0909,-1.3247,-1.4416,-1.3766,-0.6364,-0.9091,-2.1429,-1.1169,0.0909,-0.3506,-2.7273,-1.8052,-1.026
ATGtrne393.txt_tr|Q76K70|Q76K70_ACALU,-0.7612,-0.6596,-0.4279,-0.8534,-2.5556,-0.3499,-0.6903,-1.0307,-1.0827,-1.9693,-2.1135,-0.5201,-1.5154,-2.3191,-1.1868,-0.3381,-0.4539,-2.2695,-1.7187,-1.6643
ATGtrne393.txt_tr|C4ZN53|C4ZN53_THASP,0.7605,-1.018,-1.0659,-1.479,-1.5389,-0.6467,-0.8922,-1.0719,-1.6587,-1.7006,-1.6228,-0.6467,-1.1257,-2.3234,-0.3832,0.3772,0.0958,-2.7425,-2,-0.9102
ATGtrne393.txt_tr|D2QUF5|D2QUF5_SPILD,-0.6151,-0.8188,-0.7345,-1.0714,-1.9659,-0.4104,-0.5139,-1.5842,-1.1333,-1.242,-1.0917,-0.6055,-0.6812,-1.5554,-1.4414,-0.3763,-0.4936,-2.2655,-1.2356,-0.9616
ATGtrne393.txt_tr|A8X232|A8X232_CAEBR,-0.712,-0.5936,-0.8842,-0.9967,-2.3855,-0.0013,0.0308,-1.9542,-1.2094,-1.4915,-1.0766,-0.1852,-1.0183,-2.0151,-1.7291,-0.2965,-0.6289,-3.0242,-1.8115,-1.3351
ATGtrne393.txt_tr|B3I8E5|B3I8E5_ECOLX,-0.4154,-1.0257,-0.884,-1.0895,-2.1577,-0.5837,-0.5474,-1.6218,-1.3206,-1.3605,-1.287,-0.7298,-0.9229,-1.8645,-1.4535,-0.419,-0.5102,-2.4934,-1.5562,-0.9389
ATGtrne393.txt_tr|D2W1F8|D2W1F8_NAEGR,-0.688,-0.8002,-0.2456,-0.5206,-2.4753,-0.1263,0.0029,-1.5705,-1.0241,-1.6769,-1.6251,-0.1545,-1.2233,-2.017,-0.9918,0.1439,-0.3014,-2.7286,-1.4771,-1.3543
ATGtrne393.txt_tr|C7N696|C7N696_SLAHD,-0.5939,-0.8982,-0.7683,-0.8874,-2.1197,-0.5853,-0.5014,-1.5344,-1.1722,-1.1424,-1.1949,-0.6167,-0.8858,-1.4694,-1.5631,-0.4261,-0.5571,-2.3606,-1.2068,-0.9426
ATGtrne393.txt_tr|B8BEZ0|B8BEZ0_ORYSI,-0.7304,-0.8891,-1.0171,-1.2594,-2.0563,-0.8601,-0.8055,-1.7645,-1.4454,-1.227,-0.7867,-0.6928,-0.9044,-1.529,-1.8737,-0.6075,-0.7662,-2.802,-1.3072,-1.1177
ATGtrne393.txt_tr|C7EZA2|C7EZA2_9POTY,-0.7706,-1.0412,-1.1053,-1.2459,-2.2819,-0.8652,-0.7932,-1.8453,-1.3741,-1.1828,-1.225,-0.6725,-0.9218,-1.6632,-1.8769,-0.6457,-0.6752,-2.8471,-1.4722,-0.9859
ATGtrne393.txt_tr|A7VE30|A7VE30_9CLOT,-0.6948,-1.091,-0.8351,-0.7311,-1.9529,-0.4805,-0.2976,-1.5737,-1.0811,-1.3483,-1.2927,-0.7732,-0.8319,-1.4796,-1.4832,-0.4662,-0.7127,-2.1488,-1.1452,-1.0686
ATGtrne393.txt_tr|B9BBB5|B9BBB5_9BURK,0.0541,-1.7992,-1.6602,-2.3243,-1.5907,-1.4286,-1.6602,-1.2046,-2.0077,-0.7568,-0.8108,-1.6023,-0.5212,-1.6757,-1.8147,-0.5946,-0.332,-2.5907,-1.4942,-0.4324
ATGtrne393.txt_tr|B5PLE5|B5PLE5_SALET,-0.3274,-1.3772,-0.8256,-1.1281,-2.2064,-0.8078,-0.8932,-1.3986,-1.7189,-1.3594,-1.5445,-0.7687,-1.0534,-2.0925,-1.5979,-0.121,0.0854,-2.5943,-1.7616,-0.7509
ATGtrne393.txt_tr|D3M4M2|D3M4M2_9ACTO,-0.144,-1.084,-1.144,-1.392,-2.412,-0.816,-0.868,-1.624,-1.644,-1.332,-1.32,-0.844,-1.084,-2.168,-1.796,-0.472,-0.516,-3.1,-2.116,-0.988
ATGtrne393.txt_tr|C3YL88|C3YL88_BRAFL,-0.6306,-1.5541,-0.6918,-1.5276,-2.2888,-0.9163,-1.1418,-1.7612,-1.301,-1.3204,-1.3439,-1.0378,-1.1806,-1.6908,-1.2837,-0.0592,0.0969,-2.7837,-1.5898,-0.8388
ATGtrne393.txt_tr|Q76YM6|Q76YM6_9CAUD,-0.4321,-1.2562,-0.8735,-1.1975,-1.9722,-0.7963,-0.9105,-1.5216,-1.3488,-0.9846,-1.1698,-0.9074,-0.8364,-1.5864,-1.5062,-0.2099,-0.179,-2.3395,-1.3519,-0.6574
ATGtrne393.txt_tr|A8WYJ1|A8WYJ1_CAEBR,0.7957,-0.5784,-0.9686,-0.5795,-3.4422,0.5438,0.6854,-1.0605,-1.9459,-2.1589,-1.3719,0.4195,-1.4141,-3.0973,-2.5308,-0.2086,-0.1103,-3.6162,-2.5611,-1.3459
ATGtrne393.txt_tr|B8DXA4|B8DXA4_BORAF,-1.0622,-0.9522,-0.8134,-1.201,-2.244,-0.6077,-0.7703,-2.177,-1,-1.11,-1.1483,-0.5694,-0.7177,-1.3493,-1.8708,-0.7129,-0.5167,-2.5359,-0.8612,-1.0335
ATGtrne393.txt_tr|A0C7B3|A0C7B3_PARTE,-0.7787,-1.0312,-0.7882,-1.1264,-2.0199,-0.3926,-0.5219,-1.926,-1.232,-1.0637,-0.9061,-0.6332,-0.6898,-1.474,-1.6012,-0.4438,-0.5932,-2.4292,-1.2416,-0.8821
ATGtrne393.txt_tr|A9V119|A9V119_MONBE,-0.4003,-0.8434,-1.155,-1.2736,-2.4592,-0.0928,-0.4342,-1.4399,-1.3866,-1.724,-1.3713,-0.4843,-1.3495,-2.3567,-0.1638,-0.0452,-0.5246,-3.1574,-2.1243,-1.1243
ATGtrne393.txt_tr|C1MQ29|C1MQ29_9CHLO,-0.0638,-0.8874,-1.0263,-1.2495,-1.7767,-0.758,-0.7805,-1.1407,-1.2758,-1.2289,-1.1932,-0.8762,-0.9493,-1.6492,-1.0863,-0.3302,-0.4765,-2.0882,-1.3734,-0.8705
ATGtrne393.txt_tr|Q25AB6|Q25AB6_ORYSA,-1.0379,-0.9877,-1.072,-1.3982,-1.8016,-1.02,-1.0738,-1.6967,-1.4525,-1.2768,-1.1463,-0.9794,-1.0435,-1.5181,-1.4684,-0.3882,-0.6812,-2.69,-1.4035,-1.1572
ATGtrne393.txt_tr|C6H1S8|C6H1S8_AJECH,-0.7362,-0.7951,-1.0655,-1.3254,-2.1689,-0.5759,-0.6129,-1.7438,-1.3264,-1.3501,-1.2362,-0.6224,-1.2296,-1.7694,-1.6176,-0.4858,-0.7837,-2.611,-1.463,-1.149
ATGtrne393.txt_tr|A8L7Q0|A8L7Q0_FRASN,0.2596,-0.9762,-1.3113,-0.9589,-2.5086,-0.1166,-0.3046,-0.7921,-1.7046,-2.1245,-1.894,-0.6225,-1.7589,-2.7205,0.8914,0.2556,-0.0675,-3.1086,-2.3351,-1.3854
ATGtrne393.txt_tr|Q9U0Z9|Q9U0Z9_LEIMA,0.0314,-1.1178,-0.8036,-1.3692,-1.7778,-0.7531,-0.9731,-0.7553,-1.3311,-1.5926,-1.5196,-0.9428,-1.0909,-2.0606,-0.807,0.1672,-0.2189,-2.5062,-1.7407,-1.1077
ATGtrne393.txt_tr|D3BI08|D3BI08_POLPA,-0.7401,-1.2401,-0.7373,-1.293,-1.5289,-0.7704,-0.8993,-1.6641,-1.0669,-1.1768,-1.1451,-0.9704,-0.9908,-1.3225,-1.5387,-0.2542,-0.4,-2.2021,-1.0007,-0.9282
ATGtrne393.txt_tr|B5YMT0|B5YMT0_THAPS,-0.4244,-0.5732,-0.3383,-0.5314,-2.1009,-0.2915,-0.2165,-0.9434,-0.9803,-1.8118,-1.7626,-0.4084,-1.2251,-2.1279,-1.2891,0.0923,-0.5351,-2.6654,-1.6937,-1.3752
ATGtrne393.txt_tr|D1XVH6|D1XVH6_9BACT,-0.7761,-0.973,-0.7413,-1.2703,-2.1892,-0.556,-0.6216,-1.9614,-1.0965,-1.2548,-1.1931,-0.5521,-0.7645,-1.3552,-1.8185,-0.5174,-0.61,-2.2355,-0.9961,-1.1081
ATGtrne393.txt_tr|Q5W652|Q5W652_ORYSJ,-0.6377,-0.7541,-0.9344,-1.2525,-1.9336,-0.6615,-0.7713,-1.6205,-1.1951,-1.3967,-1.2033,-0.6615,-0.9074,-1.7828,-1.4803,-0.3459,-0.6402,-2.6098,-1.5131,-1.1164
ATGtrne393.txt_tr|C9RRT5|C9RRT5_FIBSS,-0.4901,-1.4157,-1.3749,-1.5948,-2.4147,-1.0953,-1.0188,-1.6607,-1.7455,-0.6806,-0.8429,-1.0283,-0.7969,-1.3309,-1.8597,-0.7005,-0.756,-2.5476,-1.5047,-0.6356
ATGtrne393.txt_tr|Q4SJH5|Q4SJH5_TETNG,-0.6256,-0.652,-0.8426,-1.0459,-1.8465,-0.4956,-0.4976,-1.435,-1.3265,-1.4643,-1.4047,-0.4018,-1.176,-2.0244,-1.1681,-0.3079,-0.5543,-2.5318,-1.7136,-1.0753
ATGtrne393.txt_tr|B9QIM5|B9QIM5_TOXGO,-0.4256,-0.602,-0.683,-0.8014,-1.0116,-0.1211,-0.146,-1.2422,-0.9537,-1.5806,-1.1763,-0.3134,-1.3126,-1.9029,-1.2921,-0.2778,-0.6509,-2.6046,-1.5156,-1.3615
ATGtrne393.txt_tr|Q2JLY3|Q2JLY3_SYNJB,-0.627,-1.1265,-1.0349,-1.3435,-1.9553,-0.6925,-0.7884,-1.6543,-1.1505,-1.1091,-1.0523,-0.9149,-0.8408,-1.4733,-1.4308,-0.5627,-0.7154,-2.0785,-1.0469,-0.8648
ATGtrne393.txt_tr|Q9SXG9|Q9SXG9_PHYPA,-0.5818,-0.8968,-1.2325,-1.3741,-2.3783,-0.6988,-0.773,-1.7964,-1.1939,-1.6616,-1.3879,-0.9574,-1.3975,-1.8707,-1.6327,-0.7331,-0.9697,-2.304,-1.5365,-1.3755
ATGtrne393.txt_tr|Q5P578|Q5P578_AZOSE,-0.2132,-0.8017,-1.0171,-1.3539,-1.7932,-0.5373,-0.6354,-1.3412,-1.2623,-1.29,-1.0938,-0.6546,-0.7036,-1.7036,-1.2964,-0.2644,-0.597,-2.3945,-1.3881,-0.9574
ATGtrne393.txt_tr|A2BH96|A2BH96_HUMAN,-0.9375,-0.8368,-0.9695,-0.5921,-2.0364,-0.1528,0.245,-1.8245,-1.0331,-1.8628,-1.4722,-0.4105,-1.39,-2.1961,-1.0573,-0.2298,-0.8801,-2.6051,-1.5572,-1.3447
ATGtrne393.txt_tr|C3YGR0|C3YGR0_BRAFL,-0.6541,-0.6091,-0.8989,-0.923,-1.7039,-0.1822,-0.1573,-1.4141,-0.9823,-1.4366,-1.1212,-0.2857,-1.1116,-1.8796,-1.3949,-0.2897,-0.6244,-2.5746,-1.7055,-1.0714
ATGtrne393.txt_tr|C9R437|C9R437_AGGAD,-0.7791,-1.0534,-0.8519,-1.267,-2.1626,-0.6165,-0.7621,-1.7427,-1.0995,-1.1772,-1.1942,-0.7888,-0.7646,-1.4757,-1.7087,-0.5971,-0.6165,-2.1893,-1.0316,-0.9515
ATGtrne393.txt_tr|A9EZ20|A9EZ20_SORC5,-0.264,-0.536,-1.192,-1.616,-1.84,-0.632,-0.896,-1.56,-1.56,-0.912,-0.808,-0.656,-0.424,-1.92,-1.2,-0.64,-0.656,-2.72,-1.688,-0.576
ATGtrne393.txt_tr|A3PQS2|A3PQS2_RHOS1,-0.1091,-0.9709,-1.3382,-1.6291,-1.7091,-0.8073,-1.0473,-1.4073,-1.5418,-1.16,-0.9309,-0.9273,-0.6764,-1.6618,-1.1709,-0.4945,-0.5891,-2.0945,-1.4218,-0.84
ATGtrne393.txt_tr|B6JYZ4|B6JYZ4_SCHJY,-0.0793,-1.094,-0.9706,-0.746,-3.3568,0.0485,0.812,-1.8341,-1.7195,-1.5286,-1.5169,-0.0367,-1.4435,-2.6461,0.0088,0.3539,0.5712,-3.8781,-2.5433,-0.6358
ATGtrne393.txt_tr|D3FWV6|D3FWV6_BACPE,-0.8211,-1.1368,-1.2526,-1.6263,-2.0842,-0.7263,-1.0053,-2.0632,-1.1316,-1.0316,-0.9474,-0.9368,-0.5579,-1.0368,-1.9632,-0.7316,-0.5579,-2.1316,-0.7895,-0.9211
ATGtrne393.txt_tr|Q5FSZ3|Q5FSZ3_GLUOX,-0.1295,-0.9554,-0.7902,-1.2098,-1.5982,-0.5848,-0.8661,-1.1161,-1.4643,-1.183,-1.1652,-0.7366,-0.7232,-1.8259,-1.1339,-0.0268,-0.2634,-2.5759,-1.5491,-0.7277
ATGtrne393.txt_tr|B3M961|B3M961_DROAN,-0.4787,-1.1698,-0.9723,-1.4361,-2.8287,-0.5378,-0.9125,-1.6702,-1.2999,-1.8549,-1.9304,-0.6006,-1.555,-2.5595,-0.264,0.1668,0.1062,-3.3059,-1.7846,-1.2229
ATGtrne393.txt_tr|Q7P847|Q7P847_FUSNV,-0.8688,-0.9244,-0.7304,-0.9016,-2.2496,-0.6291,-0.4394,-1.7703,-1.2939,-0.9001,-1.0328,-0.3495,-0.8716,-1.4979,-1.5991,-0.5307,-0.6505,-2.4451,-1.2425,-0.8887
ATGtrne393.txt_tr|Q1MQC4|Q1MQC4_LAWIP,-1.1223,-1.6114,-1.4017,-1.559,-3.083,-1.0087,-0.821,-2.559,-1.9607,-0.952,-1.2402,-0.9389,-1.1834,-2.179,-2.1092,-1.0873,-1.0087,-3.655,-2.1834,-0.9869
ATGtrne393.txt_tr|D5GLY0|D5GLY0_9PEZI,-0.5169,-0.5787,-0.6809,-1.0202,-1.9775,-0.4753,-0.5584,-1.4067,-1.1337,-1.4809,-1.3124,-0.6022,-0.8292,-1.9,-1.1764,-0.3,-0.5146,-2.5404,-1.5404,-1.2146
ATGtrne393.txt_tr|C6E3C0|C6E3C0_GEOSM,-0.5361,-1.1167,-1.1056,-1.3556,-2.0111,-0.8083,-0.9556,-1.2528,-1.3528,-1.0889,-1.1833,-1.0472,-0.7361,-1.4833,-1.5806,-0.5028,-0.6083,-2.325,-1.2917,-0.8917
ATGtrne393.txt_tr|Q8QS12|Q8QS12_9BETA,-0.5358,-0.8499,-1.0149,-1.4861,-1.7753,-0.7962,-0.9821,-1.5646,-1.1312,-1.2634,-1.0974,-0.8151,-0.8688,-1.5288,-1.6014,-0.4374,-0.4761,-2.3787,-1.2505,-0.9006
ATGtrne393.txt_tr|B8A9U7|B8A9U7_ORYSI,-0.6389,-1.0296,-0.9648,-1.287,-2.0963,-0.6407,-0.813,-1.7426,-1.3204,-1.0741,-0.8444,-0.6259,-0.8093,-1.2241,-1.5815,-0.5611,-0.6093,-2.2741,-1.1148,-0.787
ATGtrne393.txt_tr|A0EBQ2|A0EBQ2_PARTE,-1.0152,-1.0372,-0.5724,-1.2055,-2.3103,-0.4745,-0.731,-2.0607,-1.2166,-1.2124,-0.8883,-0.6814,-0.9531,-1.4234,-1.9738,-0.4703,-0.6841,-2.5241,-1.2731,-1.0248
ATGtrne393.txt_tr|A2PNQ8|A2PNQ8_VIBCH,0.0206,-1.2099,-0.5597,-1.2428,-1.8889,-0.6831,-0.9918,-1.1687,-1.6337,-1.0329,-1.1934,-0.716,-0.8313,-1.6296,-1.7202,-0.0329,-0.0206,-2.5432,-1.3868,-0.7737
ATGtrne393.txt_tr|A9V949|A9V949_MONBE,-0.609,-1.1298,-0.9871,-1.1263,-2.1237,-0.7968,-0.7282,-1.5148,-1.4658,-1.0554,-1.2116,-1.2074,-1.2207,-1.6877,-1.3187,-0.3376,-0.296,-2.8416,-1.6243,-0.5918
ATGtrne393.txt_tr|D3B5N2|D3B5N2_POLPA,-0.6552,-1.0577,-0.4912,-1.2059,-2.0477,-0.3941,-0.6803,-1.8318,-1.2577,-1.2,-1.2502,-0.7079,-0.7565,-1.8017,-0.8644,0.1958,0.1573,-2.6418,-1.4084,-0.9314
ATGtrne393.txt_tr|C2JCV1|C2JCV1_VIBCH,-0.4727,-0.9273,-0.9273,-1.4727,-1.6182,-0.5091,-0.6,-1.6364,-1.1818,-1.2727,-1.0545,-0.4364,-0.5273,-1.4182,-1.3636,-0.1273,-0.3455,-2.1818,-1.2727,-0.9091
ATGtrne393.txt_tr|D2VP19|D2VP19_NAEGR,-0.8851,-1.0219,-0.9632,-1.1956,-2.5234,-0.3933,-0.3289,-2.314,-1.6027,-1.1997,-0.8574,-0.4022,-0.9462,-1.8738,-2.2792,-0.6504,-0.7105,-3.0457,-1.8175,-1.161
ATGtrne393.txt_tr|Q9RP06|Q9RP06_RHIET,-0.1951,-0.6683,-1.1561,-1.3463,-2.1756,-0.4585,-0.5756,-1.7024,-1.1659,-1.4683,-1.2439,-0.5512,-0.8927,-1.8146,-0.8,-0.1171,-0.3122,-2.7317,-1.5512,-1.1122
ATGtrne393.txt_tr|Q132N1|Q132N1_RHOPS,-0.2926,-1.0961,-1.3013,-1.607,-1.9476,-0.7817,-0.9476,-1.6201,-1.2969,-0.9476,-0.8646,-1.0349,-0.5197,-1.2969,-1.7467,-0.476,-0.4498,-2.0306,-1.0655,-0.6376
ATGtrne393.txt_tr|Q1Q2C0|Q1Q2C0_9BACT,-0.5079,-0.8836,-0.8314,-1.1391,-1.8503,-0.5042,-0.5593,-1.5578,-1.1361,-1.2245,-1.0506,-0.6077,-0.6425,-1.393,-1.6493,-0.3545,-0.6591,-2.189,-1.093,-0.9811
ATGtrne393.txt_tr|Q2JYX5|Q2JYX5_RHIEC,0.0684,-1.75,-1.0307,-0.9175,-3.1958,-0.8679,-0.9033,-1.3467,-2.0755,-1.2736,-1.1934,-0.5307,-1.0425,-1.5,-1.3821,-0.7547,-0.6627,-2.2382,-1.1698,-0.9057
ATGtrne393.txt_tr|C4QHS9|C4QHS9_SCHMA,-0.6944,-0.9719,-0.1883,-0.9364,-1.9621,-0.4707,-0.5844,-1.588,-0.9756,-1.4034,-1.3252,-0.6015,-0.9132,-1.654,-1.4535,0.0697,-0.2335,-2.5208,-1.3643,-1.1296
ATGtrne393.txt_tr|C4X158|C4X158_KLEPN,-0.4165,-1.1027,-0.8302,-0.9601,-1.8787,-0.6719,-0.7846,-1.3181,-1.3652,-1.3081,-1.1641,-0.873,-0.873,-1.6776,-1.4165,-0.3024,-0.4322,-2.2397,-1.4479,-0.9986
ATGtrne393.txt_tr|B9PIH9|B9PIH9_TOXGO,-0.5132,-0.7182,-0.4884,-0.2017,-2.5355,-0.2942,0.2107,-1.2843,-1.2612,-1.6835,-1.5322,-0.2744,-1.2876,-2.1983,-1.2727,0.0041,-0.6364,-3.024,-1.8529,-1.3769
ATGtrne393.txt_tr|C4KUV7|C4KUV7_BURPS,0.2785,-0.9754,-1.1877,-1.5185,-1.7677,-0.8692,-0.9508,-1.1508,-1.4415,-1.3308,-1.3062,-0.8569,-0.9123,-1.7923,-1.0846,-0.0262,-0.3277,-2.2369,-1.5462,-0.7969
ATGtrne393.txt_tr|A8ALZ0|A8ALZ0_CITK8,-0.5523,-0.9767,-1.1686,-1.4826,-1.7965,-0.4767,-0.7616,-1.8663,-1.4186,-1.3372,-1.064,-0.907,-0.7965,-1.8023,-1.4593,-0.4767,-0.7151,-2.2674,-1.436,-1.0814
ATGtrne393.txt_tr|C4M5M3|C4M5M3_ENTHI,-0.7652,-0.572,-1.0682,-0.9091,-2.4356,0.1515,0.2689,-2.2045,-1.4508,-1.2197,-1.0758,0.0644,-0.625,-2.2689,-2.2803,-0.5909,-0.6932,-2.9583,-1.9848,-1.0871
ATGtrne393.txt_tr|Q5BG75|Q5BG75_EMENI,-0.4415,-0.7692,-0.9879,-1.2671,-2.2238,-0.6169,-0.7964,-1.4808,-1.2571,-1.6058,-1.369,-0.7843,-1.0323,-1.8659,-0.5776,-0.0938,-0.4889,-2.4597,-1.4526,-1.1966
ATGtrne393.txt_tr|Q9TXK0|Q9TXK0_CAEEL,-0.6394,-1.5521,-1.4648,-2.107,-1.6972,-1.1366,-1.5254,-2.1366,-1.6972,-0.5127,-0.6592,-1.3338,-0.4577,-0.8085,-1.9648,-0.7268,-0.2972,-2.2099,-0.9085,-0.4028
ATGtrne393.txt_tr|C3YYT4|C3YYT4_BRAFL,-1.0793,-0.2901,-1.4342,-1.8018,-1.2937,-0.4577,-0.7892,-1.6973,-0.0306,-2.1135,-1.6721,-0.3982,-1.6432,-1.955,-1.1441,-0.4342,-0.8252,-3.1568,-1.7117,-1.8216
ATGtrne393.txt_tr|B7WTT4|B7WTT4_COMTE,-0.2065,-1.1717,-1.0023,-1.4733,-1.5708,-0.7425,-0.9698,-1.2274,-1.4176,-1.1299,-1.0603,-0.9072,-0.6543,-1.5035,-1.4246,-0.1578,-0.3573,-2.1346,-1.232,-0.7865
ATGtrne393.txt_tr|Q4P1H2|Q4P1H2_USTMA,-0.5615,-0.9195,-0.9949,-1.1046,-2.1477,-0.4759,-0.4404,-1.6692,-1.2852,-1.4683,-1.2098,-0.4582,-1.007,-1.7389,-1.4461,-0.3359,-0.5982,-2.5114,-1.3828,-1.2136
ATGtrne393.txt_tr|A4QII8|A4QII8_CORGB,0.0284,-0.5919,-0.8129,-0.9443,-2.3346,-0.0256,0.0924,-1.3313,-1.4783,-1.5395,-1.1136,-0.3302,-1.0011,-2.2767,-1.9861,-0.2082,-0.6158,-2.7923,-1.9861,-1.1453
ATGtrne393.txt_tr|Q54UX1|Q54UX1_DICDI,-0.8198,-0.8185,-0.6757,-1.0772,-1.6808,-0.4067,-0.2754,-1.8366,-1.251,-1.2111,-0.8983,-0.3964,-0.9588,-1.9421,-1.8559,-0.0849,-0.5122,-2.7349,-1.6049,-1.0746
ATGtrne393.txt_tr|O83335|O83335_TREPA,-0.1995,-1.0499,-0.9147,-1.4016,-1.7218,-0.6247,-0.8556,-1.2034,-1.3189,-1.1286,-1.0761,-0.8136,-0.7034,-1.6089,-1.5052,-0.2848,-0.3701,-2.3163,-1.2756,-0.7192
ATGtrne393.txt_tr|Q4S933|Q4S933_TETNG,-0.6791,-1.1622,-1.2568,-1.5541,-2.0473,-0.7804,-0.9679,-1.5946,-1.4713,-1.2804,-1.1064,-0.8919,-0.8361,-1.8514,-1.6926,-0.5912,-0.5169,-2.5135,-1.7128,-0.8834
ATGtrne393.txt_tr|A4I2N6|A4I2N6_LEIIN,-0.392,-0.1102,-0.7785,-0.6647,-2.7085,0.6509,0.929,-2.2472,-1.12,-1.5227,-0.6921,0.4246,-1.0368,-2.3958,-2.303,-0.3828,-0.7918,-3.2273,-2.1944,-1.3756
ATGtrne393.txt_tr|B1WPD5|B1WPD5_CYAA5,-0.4386,-1.152,-1.3918,-1.386,-2.1345,-0.9298,-0.9649,-1.8655,-1.7544,-1.076,-0.9649,-0.9766,-0.8304,-1.7661,-2.1053,-0.6901,-0.462,-2.5731,-1.7427,-0.7368
ATGtrne393.txt_tr|A7SZ56|A7SZ56_NEMVE,-0.5972,-0.9194,-0.9147,-1.109,-2.2701,-0.1848,-0.4313,-1.7915,-1.1137,-1.6209,-1.4597,-0.5829,-0.8152,-2.0474,-1.3412,-0.5735,-0.6398,-2.6161,-1.5024,-1.218
ATGtrne393.txt_tr|A9SMK3|A9SMK3_PHYPA,-0.6405,-0.496,-0.8362,-0.6203,-2.5202,-0.0669,0.1979,-1.7195,-1.2406,-1.548,-1.2837,-0.0094,-0.9906,-2.1194,-1.3393,-0.3281,-0.7015,-2.8218,-1.8528,-1.307
ATGtrne393.txt_tr|Q1BUZ1|Q1BUZ1_BURCA,-0.3762,-1.3896,-1.4664,-1.6718,-2.3436,-1.3397,-1.2726,-1.7735,-1.3608,-0.7697,-0.8983,-1.0787,-1.1152,-1.1977,-1.7121,-0.9136,-0.9463,-2.5374,-1.2937,-0.7505
ATGtrne393.txt_tr|C5GW94|C5GW94_AJEDR,-0.4615,-0.9312,-0.83,-1.1903,-1.7895,-0.583,-0.7692,-1.1053,-1.2429,-1.5304,-1.3927,-0.7287,-0.8178,-1.7935,-1.085,-0.2146,-0.4089,-2.0324,-1.4211,-1.1457
ATGtrne393.txt_tr|Q5JHM3|Q5JHM3_PYRKO,-1.0297,-0.9542,-0.9908,-1.357,-2.5789,-0.8879,-0.7437,-2.1121,-1.4188,-0.9176,-0.8375,-0.4805,-0.8535,-1.1579,-2.1899,-0.7712,-0.8421,-2.3822,-0.9268,-0.9291
ATGtrne393.txt_tr|Q236S9|Q236S9_TETTH,-0.8674,-0.9517,-0.6459,-1.1495,-1.9758,-0.2489,-0.5738,-1.9508,-1.103,-1.0401,-0.9622,-0.5989,-0.6276,-1.4357,-1.8067,-0.4444,-0.6299,-2.4134,-1.1358,-0.8715
ATGtrne393.txt_tr|C7M204|C7M204_ACIFD,-0.4247,-1.6621,-1.3205,-2.0318,-1.9609,-1.3205,-1.5832,-1.4978,-1.686,-0.5355,-0.4754,-1.5217,-0.17,-0.9428,-1.7315,-0.4045,-0.4718,-1.9993,-1.1592,-0.78
ATGtrne393.txt_tr|C3Y3Z3|C3Y3Z3_BRAFL,-0.9398,-0.9637,-0.777,-0.9509,-0.7867,-0.5425,-0.7686,-1.1823,-0.8381,-1.5584,-1.473,-1.0801,-1.4221,-1.7177,-1.0925,-0.3606,-0.4854,-2.4226,-1.3996,-1.0403
ATGtrne393.txt_tr|Q7UY02|Q7UY02_RHOBA,-0.2411,-0.4506,-0.4743,-1.0277,-1.9091,-0.2095,-0.4625,-1.0909,-0.9091,-1.8696,-1.7036,-0.4387,-1.0435,-2.1265,-0.6166,0.0909,-0.3913,-2.5692,-1.6047,-1.3123
ATGtrne393.txt_tr|B8B2J4|B8B2J4_ORYSI,-0.3545,-1.1938,-1.3366,-1.5554,-2.2643,-0.7777,-1.0661,-1.7348,-1.4946,-1.0955,-1.0518,-1.0054,-0.8107,-1.7446,-1.8714,-0.7054,-0.6188,-2.6232,-1.5857,-0.8223
ATGtrne393.txt_tr|Q6LIS8|Q6LIS8_PHOPR,-0.8472,-0.9028,-0.8681,-1.3889,-2.0694,-0.5139,-0.8056,-1.5486,-1.0347,-1.2222,-1.3333,-0.5764,-0.6806,-1.4792,-1.625,-0.5625,-0.8542,-2.1389,-1.0625,-1.0347
ATGtrne393.txt_tr|Q6MEU1|Q6MEU1_PARUW,-0.7977,-0.5655,-0.9724,-1.3839,-2.5724,0.0897,-0.0138,-2.2874,-1.3885,-1.3977,-0.6805,-0.1816,-0.9816,-1.8529,-2.3609,-0.6138,-0.7839,-2.7908,-1.5908,-1.2782
ATGtrne393.txt_tr|A7B6A6|A7B6A6_RUMGN,-0.6135,-0.9583,-0.6369,-0.9707,-2.2225,-0.5593,-0.5366,-1.213,-1.2928,-1.4224,-1.4539,-0.7921,-1.1149,-1.7811,-1.2613,-0.2006,-0.2496,-2.2592,-1.3045,-0.8697
ATGtrne393.txt_tr|B4KH60|B4KH60_DROMO,-1.1244,-0.6198,-0.9401,-1.4171,-1.1947,-0.4147,-0.6694,-1.5726,0.0392,-1.9585,-1.841,-0.3399,-1.4482,-1.9447,-1.2062,-0.1578,-0.7154,-2.6993,-1.4378,-1.8099
ATGtrne393.txt_tr|Q1KKZ8|Q1KKZ8_TAKRU,-0.4461,-0.1218,-0.7635,-0.8384,-2.5972,0.7799,0.9262,-2.3384,-0.9297,-1.726,-0.7705,0.3091,-0.9637,-2.555,-2.2916,-0.3126,-0.8126,-3.2646,-2.1874,-1.5117
ATGtrne393.txt_tr|Q4Q3Q7|Q4Q3Q7_LEIMA,-0.1912,-1.0143,-0.9164,-1.2603,-1.5727,-0.7046,-0.8412,-1.2946,-1.2824,-1.1711,-1.0736,-0.855,-0.6991,-1.6102,-1.3798,-0.1439,-0.3509,-2.4031,-1.4031,-0.8416
ATGtrne393.txt_tr|C3Z277|C3Z277_BRAFL,-0.5347,-0.7796,-1.0082,-1.3041,-1.998,-0.5184,-0.6327,-1.5204,-1.2,-1.6755,-1.4224,-0.6143,-0.9306,-1.8531,-1.151,-0.3592,-0.6735,-2.3143,-1.4041,-1.2673
ATGtrne393.txt_tr|A5L6I6|A5L6I6_9GAMM,-0.5035,-1.0125,-0.6548,-1.0146,-1.881,-0.654,-0.6595,-1.2861,-1.229,-1.1444,-1.1365,-0.6933,-0.755,-1.5407,-1.6339,-0.2261,-0.4862,-2.4013,-1.2968,-0.8495
ATGtrne393.txt_tr|Q9WHI3|Q9WHI3_HHV8,-0.6358,-1.3808,-1.0099,-1.6689,-1.4139,-0.8179,-1.245,-1.8113,-1.2947,-1.0199,-1.0497,-1.1887,-0.745,-1.4404,-1.5662,-0.3179,0.0728,-2.3808,-1.1424,-0.6954
ATGtrne393.txt_tr|B1KCF3|B1KCF3_BURCC,-0.5112,-0.8781,-1.2631,-1.5422,-2.5422,-0.6053,-0.9487,-1.9904,-1.3647,-1.0599,-0.8556,-1.2289,-0.9861,-1.7829,-2.1861,-0.7636,-0.8107,-2.8695,-1.6877,-1.0011
ATGtrne393.txt_tr|B8PHW5|B8PHW5_POSPM,-0.2233,-1.2008,-0.9081,-1.1313,-2.1069,-0.6191,-0.6341,-1.4765,-1.3377,-1.3659,-1.409,-0.7448,-1.0619,-1.9662,-1.5216,-0.2589,-0.5385,-2.7486,-1.6679,-1.0769
ATGtrne393.txt_tr|Q8F1Z2|Q8F1Z2_LEPIN,-0.9739,-0.8087,-0.8957,-1.5696,-2.2174,-0.6435,-0.8696,-1.9522,-1.1087,-1.087,-1.087,-0.5783,-0.6261,-1.1391,-1.8217,-0.6478,-0.4391,-2.3087,-0.9478,-0.8957
ATGtrne393.txt_tr|A8I1X6|A8I1X6_HETRO,-0.2883,-1.4294,-1.411,-1.8466,-1.9448,-1.0552,-1.3006,-1.5031,-1.8528,-0.8098,-0.6503,-1.0798,-0.6196,-1.2454,-1.5337,-0.411,-0.5951,-2.3926,-1.2699,-0.6074
ATGtrne393.txt_tr|D4S778|D4S778_9FIRM,-0.3851,-0.1644,-1.1689,-0.9865,-3.1757,0.2658,0.3041,-2.036,-1.2162,-1.1892,-0.9212,-0.4257,-0.9054,-2.232,-2.3716,-0.6149,-0.7117,-3.4685,-2.223,-1.1036
ATGtrne393.txt_tr|B8N0Y3|B8N0Y3_ASPFN,-0.552,-1.1637,-1.0072,-1.5317,-2.1374,-0.8136,-1.0466,-1.5305,-1.2294,-1.4731,-1.2366,-0.8793,-1.0741,-1.73,-1.6953,-0.6081,-0.767,-2.3286,-1.4205,-1.2186
ATGtrne393.txt_tr|C0S9I4|C0S9I4_PARBP,-0.4942,-0.9873,-0.946,-1.2688,-1.9831,-0.7894,-0.8148,-1.6021,-1.3344,-1.1323,-1.0074,-0.7989,-0.746,-1.4974,-1.3884,-0.3947,-0.5788,-2.3979,-1.4265,-0.818
ATGtrne393.txt_tr|C7IYU0|C7IYU0_ORYSJ,-0.5206,-1.0706,-1.0206,-1.5765,-1.8147,-0.8882,-1.1412,-1.3471,-1.5412,-1.0676,-0.9735,-0.9588,-0.7735,-1.3912,-1.6971,-0.4353,-0.6471,-2.1529,-1.2853,-1.0412
ATGtrne393.txt_tr|C3Z3R3|C3Z3R3_BRAFL,-0.8921,-0.7191,-1.0145,-1.089,-0.9166,-0.5284,-0.6707,-1.1485,-0.9299,-1.8281,-1.6368,-0.8515,-1.4917,-1.9405,-0.9132,-0.2909,-0.4722,-2.3532,-1.5879,-1.223
ATGtrne393.txt_tr|Q7X8F3|Q7X8F3_ORYSJ,-0.5222,-0.9446,-1.0931,-1.5559,-2.3679,-0.1027,-0.661,-1.7006,-1.3144,-1.4219,-1.296,-0.5829,-1.0434,-1.9865,-0.8862,-0.3737,-0.5111,-2.6456,-1.5646,-1.0694
ATGtrne393.txt_tr|Q3AR72|Q3AR72_CHLCH,-0.2192,-1.4689,-0.491,-0.846,-2.272,-0.8434,-0.8698,-0.9829,-1.591,-1.0824,-1.247,-1.0797,-1.2332,-1.8609,-1.3468,0.0724,0.388,-2.8018,-1.7702,-0.591
ATGtrne393.txt_tr|Q6UYH5|Q6UYH5_9CAUD,-0.4685,-0.6847,-0.7162,-0.7477,-1.9955,-0.3063,-0.2568,-1.2838,-1.0811,-1.464,-1.3153,-0.4865,-0.8063,-1.7658,-1.5045,-0.2117,-0.6396,-2.4595,-1.5,-1.1577
ATGtrne393.txt_tr|Q6PYB8|Q6PYB8_FELCA,-0.5709,-0.7723,-0.9554,-1.024,-1.9371,-0.4085,-0.3593,-1.5126,-1.3421,-1.587,-1.3902,-0.4462,-1.3158,-2.0995,-0.8204,0.0801,-0.4108,-2.7563,-1.7986,-1.1842
ATGtrne393.txt_tr|B8QUH8|B8QUH8_HEV,-0.517,-1.1281,-1.3681,-1.4887,-2.086,-0.9885,-1.1264,-1.7294,-1.3497,-1.378,-1.2879,-0.9711,-1.2839,-1.6313,-1.2799,-0.4968,-0.5695,-2.7594,-1.5089,-0.9671
ATGtrne393.txt_tr|A5GQX6|A5GQX6_SYNR3,-0.16,-0.8467,-0.8933,-1.3067,-1.6067,-0.2267,-0.6733,-1.4467,-1.08,-1.3667,-1.1267,-0.7667,-0.5333,-1.62,-1.1933,0.0067,-0.4267,-2.2067,-1.2533,-1.0467
ATGtrne393.txt_tr|C4Q8H5|C4Q8H5_SCHMA,-0.4635,-1.2352,-1.0881,-1.4612,-1.9641,-0.8192,-0.9374,-1.8413,-1.343,-0.883,-0.8216,-0.9421,-0.708,-1.3638,-1.5632,-0.3372,-0.2746,-2.3024,-1.2074,-0.6292
ATGtrne393.txt_tr|C1E9U0|C1E9U0_9CHLO,-0.0224,-1.0274,-1.1197,-1.0299,-1.8254,-0.8878,-0.8529,-1.1845,-1.4264,-1.2469,-1.4788,-0.9551,-0.9277,-2.0723,-1.5237,-0.3666,-0.3965,-2.5262,-1.7855,-0.793
ATGtrne393.txt_tr|B8FEU0|B8FEU0_DESAA,-1.0523,-1.0134,-0.992,-1.2761,-2.7178,-1.0174,-0.7379,-1.939,-1.624,-0.695,-1.2151,-0.5677,-1.057,-1.8277,-2.1032,-0.9216,-0.7983,-3.2259,-1.4906,-0.8968
ATGtrne393.txt_tr|A6G9M7|A6G9M7_9DELT,-0.3985,-0.7203,-1.0695,-1.1598,-1.8881,-0.5136,-0.517,-1.7168,-1.2404,-1.1842,-0.9614,-0.6338,-0.7773,-1.7606,-1.5059,-0.4444,-0.6306,-2.5876,-1.5177,-0.9691
ATGtrne393.txt_tr|A9MEZ5|A9MEZ5_SALAR,-0.4906,-1.0712,-1.0712,-1.4757,-2.0187,-0.6704,-0.9139,-1.7978,-1.3858,-1.0262,-1.0375,-0.6404,-0.6554,-1.7528,-1.7004,-0.397,-0.4682,-2.4569,-1.4345,-0.6629
ATGtrne393.txt_tr|A8XQ95|A8XQ95_CAEBR,-0.6596,-0.9099,-0.8273,-1.1036,-1.8399,-0.4322,-0.4566,-1.8433,-1.3387,-1.0775,-0.9427,-0.4743,-0.6917,-1.5796,-1.6479,-0.2873,-0.5063,-2.5931,-1.4499,-0.9115
ATGtrne393.txt_tr|B6CLZ1|B6CLZ1_9MYCO,-0.1263,-0.8629,-0.8414,-1.1559,-1.4597,-0.664,-0.828,-1.2258,-1.4435,-1.4597,-1.3817,-0.8091,-0.9194,-1.9704,-0.7957,-0.0296,-0.0672,-2.4086,-1.664,-0.9624
ATGtrne393.txt_tr|Q74Z58|Q74Z58_ASHGO,-0.5221,-0.7823,-0.7491,-1.2232,-2.1015,-0.4889,-0.5904,-1.5092,-1.2934,-1.3653,-1.2749,-0.4908,-0.9446,-1.738,-1.4963,-0.1919,-0.4151,-2.4723,-1.4446,-1.0406
ATGtrne393.txt_tr|C4QDS3|C4QDS3_SCHMA,-0.6756,-0.8913,-0.6802,-1.1579,-2.0092,-0.4479,-0.7832,-1.6224,-1.083,-1.3473,-1.0303,-0.7534,-0.8627,-1.6688,-1.2769,-0.0995,-0.4725,-2.532,-1.2923,-1.1116
ATGtrne393.txt_tr|A8WUG0|A8WUG0_CAEBR,-0.8254,-0.8116,-1.0243,-1.2029,-2.0194,-0.477,-0.4778,-1.941,-1.253,-1.2935,-1.1059,-0.4123,-0.9685,-1.8157,-1.6863,-0.4551,-0.7203,-2.7154,-1.5659,-1.1043
ATGtrne393.txt_tr|C6TP59|C6TP59_DROME,-0.603,-0.2046,-1.0162,-1.0821,-2.5828,0.498,0.5532,-2.463,-0.8493,-1.4845,-0.712,0.2288,-0.8452,-2.3163,-2.3109,-0.6285,-0.8735,-3.1696,-1.8937,-1.3419
ATGtrne393.txt_tr|D4YIN1|D4YIN1_9LACT,-0.4845,-1.0243,-0.5265,-0.6991,-2.0332,-0.3496,-0.1615,-1.2898,-1.0553,-1.3407,-1.4447,-0.7279,-0.8473,-1.7389,-1.4204,-0.1527,-0.3805,-2.2743,-1.3518,-0.865
ATGtrne393.txt_tr|B9F079|B9F079_ORYSJ,-0.4375,-0.7738,-0.7507,-1.0655,-1.8177,-0.5618,-0.5796,-1.4338,-1.0975,-1.3914,-1.2991,-0.6317,-0.8772,-1.6049,-1.4256,-0.1696,-0.5052,-2.4315,-1.3237,-1.1391
ATGtrne393.txt_tr|D0MYQ3|D0MYQ3_PHYIN,-0.544,-1.0248,-0.9099,-1.0938,-1.7824,-0.6648,-0.6822,-1.5299,-1.3026,-1.203,-1.0856,-0.8025,-0.769,-1.5375,-1.5676,-0.2589,-0.5163,-2.3938,-1.3554,-0.9312
ATGtrne393.txt_tr|B3MFF0|B3MFF0_DROAN,-0.6416,-1.0366,-0.9623,-1.2228,-1.747,-0.6308,-0.6889,-1.8278,-1.0689,-1.2745,-1.0366,-0.8708,-0.8009,-1.6394,-1.5673,-0.3671,-0.6728,-2.6437,-1.3294,-1.0291
ATGtrne393.txt_tr|C4KWD3|C4KWD3_BURPS,0.075,-1.5264,-1.3271,-1.552,-2.6014,-0.9983,-1.3049,-0.201,-2.1533,-1.6337,-1.4514,-1.0017,-1.1567,-2.1124,-0.7853,-0.506,-0.8961,-2.6337,-2.2692,-1.3305
ATGtrne393.txt_tr|Q2KGD1|Q2KGD1_9PEZI,-0.4169,-0.9943,-0.9795,-1.2528,-2.2472,-0.8884,-0.9749,-1.2722,-1.3645,-1.3519,-1.2141,-1.0547,-1.0831,-1.5923,-1.2517,-0.492,-0.6002,-2.4248,-1.3952,-0.9613
ATGtrne393.txt_tr|C9C5S6|C9C5S6_ENTFC,-0.4368,-1.5944,-1.486,-1.757,-1.8982,-1.1576,-1.4286,-1.4056,-1.8194,-0.5238,-0.6519,-1.2036,-0.4433,-1,-1.8161,-0.6174,-0.4893,-2.11,-1.2184,-0.3924
ATGtrne393.txt_tr|C3XZ81|C3XZ81_BRAFL,-0.423,-0.809,-0.8499,-1.0721,-1.7817,-0.4756,-0.6082,-1.4717,-1.2788,-1.3957,-1.3704,-0.655,-0.8031,-1.8304,-0.9454,-0.1774,-0.3996,-2.5088,-1.4893,-1.0409
ATGtrne393.txt_tr|Q7XWZ9|Q7XWZ9_ORYSA,-0.7114,-0.8472,-0.8384,-1.2529,-2.1511,-0.7746,-0.7968,-1.7219,-1.1774,-1.2002,-1.2131,-0.5562,-1.2014,-1.8583,-1.6446,-0.4877,-0.5744,-2.6745,-1.4619,-1.0656
ATGtrne393.txt_tr|C7PYI8|C7PYI8_CATAD,-0.3151,-0.8937,-0.7627,-0.9349,-1.9152,-0.5803,-0.5677,-1.2176,-1.0776,-1.4413,-1.3631,-0.7389,-0.9212,-1.8405,-1.0846,-0.2087,-0.3584,-2.5055,-1.5172,-1.0466
ATGtrne393.txt_tr|D2MWS0|D2MWS0_CAMJE,-0.8214,-0.7262,-0.4841,-0.881,-2.1508,-0.3571,-0.246,-1.869,-1.0992,-1.0873,-1.0595,-0.2738,-0.6429,-1.4246,-1.6627,-0.3056,-0.5119,-2.4643,-1.123,-0.8492
ATGtrne393.txt_tr|Q0HYG1|Q0HYG1_SHESR,-0.2412,-1.0409,-0.7471,-1.1089,-2.2568,-0.4475,-0.6323,-1.3016,-1.5992,-1.356,-1.3891,-0.572,-1.0292,-1.9591,-1.5623,-0.1926,-0.5019,-2.749,-1.5233,-0.8911
ATGtrne393.txt_tr|Q0J9R4|Q0J9R4_ORYSJ,-0.1168,-0.7383,-1.229,-1.6121,-1.5421,-0.5047,-0.8458,-1.4206,-1.3598,-1.1495,-1.2196,-0.6822,-0.6495,-1.7103,-1.5794,-0.3505,-0.5935,-2.2991,-1.3879,-0.8551
ATGtrne393.txt_tr|C3ZPM5|C3ZPM5_BRAFL,-0.6807,-0.9639,-1.1506,-1.2425,-1.9413,-0.6009,-0.7078,-1.8027,-1.2982,-1.1988,-1.0512,-0.7259,-0.7244,-1.7455,-1.3961,-0.4428,-0.4307,-2.5934,-1.4473,-0.9021
ATGtrne393.txt_tr|Q9EZ92|Q9EZ92_LACLA,-0.7911,-0.8911,-0.5156,-0.9022,-2.0533,-0.4822,-0.4956,-1.6956,-1.0156,-1.1844,-1.1244,-0.56,-0.7,-1.3289,-1.6022,-0.2689,-0.5244,-2.2667,-1.0089,-0.9933
