#name,V1,V2,V3,V4,V5,V6,V7,V8,V9,V10,V11,V12,V13,V14,V15,V16,V17,V18,V19,V20
ATGtrne393.txt_tr|D3BTL7|D3BTL7_POLPA,71.21,31.297,21.261,17.134,15.872,15.281,13.86,13.383,12.927,12.337,11.837,11.577,11.016,10.516,10.206,9.846,9.761,9.432,9.085,7.701
ATGtrne393.txt_tr|D3BRE2|D3BRE2_POLPA,103.525,62.454,35.154,27.522,20.876,18.316,17.302,14.033,11.763,10.47,9.593,8.364,7.899,7.404,7.233,7.036,6.766,6.656,5.883,5.467
ATGtrne393.txt_tr|B4KV30|B4KV30_DROMO,84.692,40.826,27.096,19.953,16.771,16.278,14.084,12.059,11.185,10.129,9.577,8.205,7.892,7.455,7.206,6.989,6.771,6.597,6.197,5.134
ATGtrne393.txt_tr|C0YUP5|C0YUP5_9FLAO,68.313,35.234,23.232,19.394,15.72,14.338,12.781,10.688,10.124,9.228,8.525,7.665,7.338,7.092,6.976,6.664,6.432,6.395,5.927,5.459
ATGtrne393.txt_tr|C0QKA9|C0QKA9_DESAH,50.007,30.527,17.241,14.05,12.889,11.679,11.421,10.791,9.637,9.539,8.874,8.475,7.894,7.589,7.553,7.267,6.986,6.724,6.373,6.084
ATGtrne393.txt_tr|A4X9A3|A4X9A3_SALTO,24.766,14.703,9.687,6.407,5.755,4.868,4.315,3.419,2.72,2.383,2.053,1.807,1.395,1.295,1.175,1.092,0.972,0.836,0.824,0.731
ATGtrne393.txt_tr|Q01BC6|Q01BC6_OSTTA,41.685,24.177,14.362,11.173,10.121,8.102,7.491,6.742,5.545,5.137,4.7,4.355,4.171,3.565,3.391,3.312,3.184,3.002,2.9,2.501
ATGtrne393.txt_tr|B4QPW6|B4QPW6_DROSI,45.629,26.473,14.863,12.675,10.501,9.804,9.447,8.615,8.369,7.965,7.77,7.311,7.031,6.277,6.151,6.071,5.836,5.32,5.149,4.96
ATGtrne393.txt_tr|C3KAP5|C3KAP5_PSEFS,29.92,18.503,10.363,7.994,6.422,4.892,4.182,3.627,3.411,2.287,1.762,1.466,1.417,1.002,0.751,0.525,0.41,0.388,0.227,0.008
ATGtrne393.txt_tr|Q1DA49|Q1DA49_MYXXD,37.004,19.953,12.672,9.975,8.932,8.285,6.605,5.595,4.769,4.721,4.365,4.008,3.801,3.509,3.127,2.919,2.493,2.218,2.095,1.791
ATGtrne393.txt_tr|Q2QJT5|Q2QJT5_SOLLC,25.758,10.602,9.43,7.07,5.977,5.796,5.348,4.703,4.32,4.031,3.747,3.55,3.419,3.27,3.025,2.683,2.489,1.76,1.315,0.68
ATGtrne393.txt_tr|A1U009|A1U009_MARAV,28.536,17.095,9.592,7.948,6.024,5.214,4.651,3.755,3.696,3.164,2.549,2.449,2.182,1.916,1.814,1.721,1.468,1.429,1.326,1.15
ATGtrne393.txt_tr|A8Y4F1|A8Y4F1_CAEBR,45.289,18.718,13.21,10.348,8.772,8.104,7.317,6.616,6.511,6.052,5.409,5.262,4.936,4.733,4.609,4.513,4.424,4.396,4.137,3.851
ATGtrne393.txt_tr|Q0KAS9|Q0KAS9_RALEH,35.764,21.411,12.77,9.279,7.522,6.26,5.292,4.476,3.813,2.702,2.283,1.86,1.802,1.699,1.348,1.255,1.05,0.914,0.841,0.71
ATGtrne393.txt_tr|A8I9C7|A8I9C7_CHLRE,63.514,31.67,20.184,16.697,13.037,12.642,11.722,10.714,9.455,8.547,8.279,7.784,7.285,7.069,6.597,6.332,5.937,5.687,5.305,4.782
ATGtrne393.txt_tr|Q2H4S4|Q2H4S4_CHAGB,27.371,15.195,9.641,7.6,5.534,5.423,4.486,3.741,3.34,2.903,2.566,2.134,2.007,1.661,1.587,1.438,1.295,1.277,1.128,1.07
ATGtrne393.txt_tr|A5KA71|A5KA71_PLAVI,66.326,24.38,21.737,16.871,15.661,13.397,13.203,12.357,10.65,10.285,8.717,8.183,7.871,7.385,6.78,5.789,5.521,5.036,4.908,4.648
ATGtrne393.txt_tr|Q9XXH5|Q9XXH5_CAEEL,36.013,22,12.854,10.276,8.26,6.406,5.948,4.96,4.145,3.132,2.068,1.941,1.818,1.117,0.895,0.752,0.566,0.471,0.242,0.136
ATGtrne393.txt_tr|A8NCV9|A8NCV9_COPC7,51.928,23.854,15.02,13.226,10.855,10.596,9.883,8.843,8.187,7.949,6.887,6.711,6.229,6.054,5.385,5.282,5.204,5.034,4.664,3.694
ATGtrne393.txt_tr|A4J2C9|A4J2C9_DESRM,34.499,20.411,12.504,10.835,9.131,7.899,7.302,6.692,6.017,5.783,5.536,4.618,4.549,4.226,4.107,3.999,3.878,3.599,3.282,3.16
ATGtrne393.txt_tr|C1N5Z8|C1N5Z8_9CHLO,52.552,26.967,17.712,12.904,11.959,10.771,9.12,7.854,6.728,5.99,5.687,4.909,4.838,4.61,4.052,3.927,3.606,3.384,3.184,2.847
ATGtrne393.txt_tr|Q4PCR5|Q4PCR5_USTMA,37.791,20.748,12.562,11.012,9.335,8.697,8.378,7.133,6.956,6.638,6.423,5.813,5.508,5.138,5.022,4.71,4.577,4.5,4.179,3.879
ATGtrne393.txt_tr|Q9QKE6|Q9QKE6_9VIRU,50.391,31.141,18.754,16.002,12.525,10.634,9.44,8.681,8.177,7.78,7.569,6.48,5.576,5.225,4.443,4.321,4.189,3.905,3.679,3.369
ATGtrne393.txt_tr|Q4RVP5|Q4RVP5_TETNG,49.407,26.537,15.754,13.874,12.514,11.6,10.215,9.721,9.393,9.247,8.68,7.593,7.523,7.403,7.248,6.866,6.734,6.585,6.256,5.809
ATGtrne393.txt_tr|A8XL03|A8XL03_CAEBR,61.878,28.261,17.218,15.677,13.056,12.462,11.29,10.874,9.712,9.413,8.42,7.989,7.793,7.338,6.89,6.594,6.37,6.064,5.43,4.933
ATGtrne393.txt_tr|D3BQP8|D3BQP8_POLPA,46.643,18.328,12.145,10.057,9.634,7.991,7.122,6.802,6.628,5.844,5.722,5.55,5.108,4.973,4.764,4.618,4.562,4.346,3.937,3.7
ATGtrne393.txt_tr|D0NMK0|D0NMK0_PHYIN,47.569,22.727,13.318,11.854,10.569,9.762,9.126,8.608,8.423,8.09,8.07,7.14,6.746,6.632,6.485,6.119,6.003,5.759,5.561,4.924
ATGtrne393.txt_tr|C7MMK1|C7MMK1_CRYCD,34.732,20.629,12.475,10.167,8.298,5.718,4.905,4.246,3.893,3.021,2.386,1.998,1.925,1.718,1.527,1.438,1.37,1.193,1.092,0.945
ATGtrne393.txt_tr|C5NBI8|C5NBI8_BURMA,19.415,11.402,8.412,5.295,4.367,3.379,2.795,2.481,1.693,1.537,1.224,0.866,0.676,0.565,0.41,0.309,0.237,0.091,0.025,0
ATGtrne393.txt_tr|Q6JGV6|Q6JGV6_9CLOS,37.178,24.811,12.617,10.629,8.139,5.772,4.606,4.088,3.479,2.477,1.971,1.763,1.534,1.265,1.079,0.88,0.526,0.458,0.2,0.117
ATGtrne393.txt_tr|D4GCV4|D4GCV4_PANAM,13.125,7.99,4.52,3.642,2.779,2.105,1.585,1.428,1.218,0.867,0.807,0.763,0.651,0.535,0.435,0.416,0.337,0.3,0.228,0.192
ATGtrne393.txt_tr|Q8J1W4|Q8J1W4_CLAPU,37.752,16.182,13.307,11.07,9.99,7.856,7.668,6.212,5.748,5.48,5.097,4.811,4.479,4.226,4.107,3.855,3.652,3.499,3.176,2.742
ATGtrne393.txt_tr|D2VJV1|D2VJV1_NAEGR,46.935,28.836,15.919,13.404,10.421,8.488,8.025,6.587,5.873,5.188,4.864,4.63,4.45,4.105,3.791,3.727,3.469,3.347,3.065,3.004
ATGtrne393.txt_tr|Q1D888|Q1D888_MYXXD,74.225,23.207,19.344,18.621,16.354,13.222,12.419,11.503,10.988,10.543,10.025,9.81,9.422,8.969,8.582,8.322,7.574,7.184,6.569,6.549
ATGtrne393.txt_tr|Q7VH02|Q7VH02_HELHP,39.713,22.618,14.523,12.414,9.383,9.185,8.747,7.571,7.332,7.163,6.899,6.768,6.156,5.987,5.932,5.77,5.431,5.197,5.026,4.656
ATGtrne393.txt_tr|B3ERL3|B3ERL3_AMOA5,48.132,26.073,15.88,14.028,10.419,8.392,7.849,7.166,7.002,6.51,6.475,6.025,5.569,5.379,5.086,4.693,4.546,4.379,4.232,3.694
ATGtrne393.txt_tr|D3BTL7|D3BTL7_POLPA,71.21,31.297,21.261,17.134,15.872,15.281,13.86,13.383,12.927,12.337,11.837,11.577,11.016,10.516,10.206,9.846,9.761,9.432,9.085,7.701
ATGtrne393.txt_tr|D3BRE2|D3BRE2_POLPA,103.525,62.454,35.154,27.522,20.876,18.316,17.302,14.033,11.763,10.47,9.593,8.364,7.899,7.404,7.233,7.036,6.766,6.656,5.883,5.467
ATGtrne393.txt_tr|B4KV30|B4KV30_DROMO,84.692,40.826,27.096,19.953,16.771,16.278,14.084,12.059,11.185,10.129,9.577,8.205,7.892,7.455,7.206,6.989,6.771,6.597,6.197,5.134
ATGtrne393.txt_tr|C0YUP5|C0YUP5_9FLAO,68.313,35.234,23.232,19.394,15.72,14.338,12.781,10.688,10.124,9.228,8.525,7.665,7.338,7.092,6.976,6.664,6.432,6.395,5.927,5.459
ATGtrne393.txt_tr|C0QKA9|C0QKA9_DESAH,50.007,30.527,17.241,14.05,12.889,11.679,11.421,10.791,9.637,9.539,8.874,8.475,7.894,7.589,7.553,7.267,6.986,6.724,6.373,6.084
ATGtrne393.txt_tr|A4X9A3|A4X9A3_SALTO,24.766,14.703,9.687,6.407,5.755,4.868,4.315,3.419,2.72,2.383,2.053,1.807,1.395,1.295,1.175,1.092,0.972,0.836,0.824,0.731
ATGtrne393.txt_tr|Q01BC6|Q01BC6_OSTTA,41.685,24.177,14.362,11.173,10.121,8.102,7.491,6.742,5.545,5.137,4.7,4.355,4.171,3.565,3.391,3.312,3.184,3.002,2.9,2.501
ATGtrne393.txt_tr|B4QPW6|B4QPW6_DROSI,45.629,26.473,14.863,12.675,10.501,9.804,9.447,8.615,8.369,7.965,7.77,7.311,7.031,6.277,6.151,6.071,5.836,5.32,5.149,4.96
ATGtrne393.txt_tr|C3KAP5|C3KAP5_PSEFS,29.92,18.503,10.363,7.994,6.422,4.892,4.182,3.627,3.411,2.287,1.762,1.466,1.417,1.002,0.751,0.525,0.41,0.388,0.227,0.008
ATGtrne393.txt_tr|Q1DA49|Q1DA49_MYXXD,37.004,19.953,12.672,9.975,8.932,8.285,6.605,5.595,4.769,4.721,4.365,4.008,3.801,3.509,3.127,2.919,2.493,2.218,2.095,1.791
ATGtrne393.txt_tr|Q2QJT5|Q2QJT5_SOLLC,25.758,10.602,9.43,7.07,5.977,5.796,5.348,4.703,4.32,4.031,3.747,3.55,3.419,3.27,3.025,2.683,2.489,1.76,1.315,0.68
ATGtrne393.txt_tr|A1U009|A1U009_MARAV,28.536,17.095,9.592,7.948,6.024,5.214,4.651,3.755,3.696,3.164,2.549,2.449,2.182,1.916,1.814,1.721,1.468,1.429,1.326,1.15
ATGtrne393.txt_tr|A8Y4F1|A8Y4F1_CAEBR,45.289,18.718,13.21,10.348,8.772,8.104,7.317,6.616,6.511,6.052,5.409,5.262,4.936,4.733,4.609,4.513,4.424,4.396,4.137,3.851
ATGtrne393.txt_tr|Q0KAS9|Q0KAS9_RALEH,35.764,21.411,12.77,9.279,7.522,6.26,5.292,4.476,3.813,2.702,2.283,1.86,1.802,1.699,1.348,1.255,1.05,0.914,0.841,0.71
ATGtrne393.txt_tr|A8I9C7|A8I9C7_CHLRE,63.514,31.67,20.184,16.697,13.037,12.642,11.722,10.714,9.455,8.547,8.279,7.784,7.285,7.069,6.597,6.332,5.937,5.687,5.305,4.782
ATGtrne393.txt_tr|Q2H4S4|Q2H4S4_CHAGB,27.371,15.195,9.641,7.6,5.534,5.423,4.486,3.741,3.34,2.903,2.566,2.134,2.007,1.661,1.587,1.438,1.295,1.277,1.128,1.07
ATGtrne393.txt_tr|A5KA71|A5KA71_PLAVI,66.326,24.38,21.737,16.871,15.661,13.397,13.203,12.357,10.65,10.285,8.717,8.183,7.871,7.385,6.78,5.789,5.521,5.036,4.908,4.648
ATGtrne393.txt_tr|Q9XXH5|Q9XXH5_CAEEL,36.013,22,12.854,10.276,8.26,6.406,5.948,4.96,4.145,3.132,2.068,1.941,1.818,1.117,0.895,0.752,0.566,0.471,0.242,0.136
ATGtrne393.txt_tr|A8NCV9|A8NCV9_COPC7,51.928,23.854,15.02,13.226,10.855,10.596,9.883,8.843,8.187,7.949,6.887,6.711,6.229,6.054,5.385,5.282,5.204,5.034,4.664,3.694
ATGtrne393.txt_tr|A4J2C9|A4J2C9_DESRM,34.499,20.411,12.504,10.835,9.131,7.899,7.302,6.692,6.017,5.783,5.536,4.618,4.549,4.226,4.107,3.999,3.878,3.599,3.282,3.16
ATGtrne393.txt_tr|C1N5Z8|C1N5Z8_9CHLO,52.552,26.967,17.712,12.904,11.959,10.771,9.12,7.854,6.728,5.99,5.687,4.909,4.838,4.61,4.052,3.927,3.606,3.384,3.184,2.847
ATGtrne393.txt_tr|Q4PCR5|Q4PCR5_USTMA,37.791,20.748,12.562,11.012,9.335,8.697,8.378,7.133,6.956,6.638,6.423,5.813,5.508,5.138,5.022,4.71,4.577,4.5,4.179,3.879
ATGtrne393.txt_tr|Q9QKE6|Q9QKE6_9VIRU,50.391,31.141,18.754,16.002,12.525,10.634,9.44,8.681,8.177,7.78,7.569,6.48,5.576,5.225,4.443,4.321,4.189,3.905,3.679,3.369
ATGtrne393.txt_tr|Q4RVP5|Q4RVP5_TETNG,49.407,26.537,15.754,13.874,12.514,11.6,10.215,9.721,9.393,9.247,8.68,7.593,7.523,7.403,7.248,6.866,6.734,6.585,6.256,5.809
ATGtrne393.txt_tr|A8XL03|A8XL03_CAEBR,61.878,28.261,17.218,15.677,13.056,12.462,11.29,10.874,9.712,9.413,8.42,7.989,7.793,7.338,6.89,6.594,6.37,6.064,5.43,4.933
ATGtrne393.txt_tr|D3BQP8|D3BQP8_POLPA,46.643,18.328,12.145,10.057,9.634,7.991,7.122,6.802,6.628,5.844,5.722,5.55,5.108,4.973,4.764,4.618,4.562,4.346,3.937,3.7
ATGtrne393.txt_tr|D0NMK0|D0NMK0_PHYIN,47.569,22.727,13.318,11.854,10.569,9.762,9.126,8.608,8.423,8.09,8.07,7.14,6.746,6.632,6.485,6.119,6.003,5.759,5.561,4.924
ATGtrne393.txt_tr|C7MMK1|C7MMK1_CRYCD,34.732,20.629,12.475,10.167,8.298,5.718,4.905,4.246,3.893,3.021,2.386,1.998,1.925,1.718,1.527,1.438,1.37,1.193,1.092,0.945
ATGtrne393.txt_tr|C5NBI8|C5NBI8_BURMA,19.415,11.402,8.412,5.295,4.367,3.379,2.795,2.481,1.693,1.537,1.224,0.866,0.676,0.565,0.41,0.309,0.237,0.091,0.025,0
ATGtrne393.txt_tr|Q6JGV6|Q6JGV6_9CLOS,37.178,24.811,12.617,10.629,8.139,5.772,4.606,4.088,3.479,2.477,1.971,1.763,1.534,1.265,1.079,0.88,0.526,0.458,0.2,0.117
ATGtrne393.txt_tr|D4GCV4|D4GCV4_PANAM,13.125,7.99,4.52,3.642,2.779,2.105,1.585,1.428,1.218,0.867,0.807,0.763,0.651,0.535,0.435,0.416,0.337,0.3,0.228,0.192
ATGtrne393.txt_tr|Q8J1W4|Q8J1W4_CLAPU,37.752,16.182,13.307,11.07,9.99,7.856,7.668,6.212,5.748,5.48,5.097,4.811,4.479,4.226,4.107,3.855,3.652,3.499,3.176,2.742
ATGtrne393.txt_tr|D2VJV1|D2VJV1_NAEGR,46.935,28.836,15.919,13.404,10.421,8.488,8.025,6.587,5.873,5.188,4.864,4.63,4.45,4.105,3.791,3.727,3.469,3.347,3.065,3.004
ATGtrne393.txt_tr|Q1D888|Q1D888_MYXXD,74.225,23.207,19.344,18.621,16.354,13.222,12.419,11.503,10.988,10.543,10.025,9.81,9.422,8.969,8.582,8.322,7.574,7.184,6.569,6.549
ATGtrne393.txt_tr|Q7VH02|Q7VH02_HELHP,39.713,22.618,14.523,12.414,9.383,9.185,8.747,7.571,7.332,7.163,6.899,6.768,6.156,5.987,5.932,5.77,5.431,5.197,5.026,4.656
ATGtrne393.txt_tr|B3ERL3|B3ERL3_AMOA5,48.132,26.073,15.88,14.028,10.419,8.392,7.849,7.166,7.002,6.51,6.475,6.025,5.569,5.379,5.086,4.693,4.546,4.379,4.232,3.694
ATGtrne393.txt_tr|O59250|O59250_PYRHO,20.151,13.006,6.49,5.43,4.105,3.1,2.369,2.161,1.912,1.251,1.019,0.944,0.829,0.642,0.472,0.348,0.325,0.253,0.132,0.005
ATGtrne393.txt_tr|A9UX14|A9UX14_MONBE,51.882,20.771,11.14,8.688,7.578,7.167,6.28,6.207,5.673,5.617,5.152,4.842,4.774,4.643,4.464,4.156,4.124,3.957,3.681,3.475
ATGtrne393.txt_tr|B9PJ15|B9PJ15_TOXGO,37.232,20.735,12.879,10.129,8.341,7.798,7.608,6.215,5.768,5.52,5.158,4.744,4.158,4.077,3.77,3.597,3.574,3.28,3.026,2.902
ATGtrne393.txt_tr|A7HEU3|A7HEU3_ANADF,39.484,19.889,12.635,10.977,8.808,8.476,8.007,7.413,7.12,7.055,6.515,6.115,5.752,5.298,5.068,4.946,4.725,4.539,4.436,4.102
ATGtrne393.txt_tr|B2U767|B2U767_RALPJ,39.461,22.555,14.739,11.601,8.961,7.366,6.008,4.956,4.375,2.721,2.25,2.1,1.878,1.299,1.008,0.714,0.542,0.531,0.32,0.01
ATGtrne393.txt_tr|A3V265|A3V265_9RHOB,61.556,32.927,19.343,15.173,13.603,11.615,11.327,9.53,7.482,7.18,6.594,6.173,5.844,5.25,5.04,4.805,4.557,4.302,4.232,3.484
ATGtrne393.txt_tr|Q2I6M5|Q2I6M5_9DELT,48.04,26.192,15.231,13.333,12.506,11.003,10.496,9.716,9.471,9.053,8.399,8.255,7.896,7.275,7.114,6.745,6.646,6.364,6.137,5.282
ATGtrne393.txt_tr|C1EGJ3|C1EGJ3_9CHLO,32.13,17.803,11.638,8.282,7.829,5.45,4.426,3.852,3.277,2.144,1.653,1.335,1.165,1.012,0.715,0.508,0.37,0.308,0.138,0.001
ATGtrne393.txt_tr|Q5AW16|Q5AW16_EMENI,54.695,30.686,18.946,15.431,12.293,11.315,9.069,7.367,6.419,4.809,4.52,4.038,3.816,3.761,3.575,3.523,3.033,2.803,2.765,2.445
ATGtrne393.txt_tr|A8ZW45|A8ZW45_DESOH,44.718,19.529,11.33,10.669,7.743,7.089,6.611,6.486,5.852,5.784,5.437,5.215,4.927,4.837,4.356,4.076,3.87,3.811,3.563,3.321
ATGtrne393.txt_tr|A4H935|A4H935_LEIBR,32.737,19.209,10.881,8.265,6.946,6.372,4.872,4.505,3.429,2.838,2.828,2.092,1.869,1.676,1.586,1.503,1.308,1.264,1.073,0.959
ATGtrne393.txt_tr|Q2BAQ1|Q2BAQ1_9BACI,14.512,8.961,5.459,4.64,3.293,2.751,2.494,2.222,1.999,1.694,1.555,1.433,1.296,1.244,1.13,0.972,0.867,0.816,0.625,0.499
ATGtrne393.txt_tr|C7YUP0|C7YUP0_NECH7,42.009,21.306,12.969,11.164,10.12,8.947,7.982,7.632,7.422,7.177,6.697,6.342,5.846,5.582,5.409,5.241,5.034,4.917,4.653,4.201
ATGtrne393.txt_tr|A3KP08|A3KP08_DANRE,23.637,11.365,7.955,6.621,6.015,5.189,4.719,4.596,4.248,3.989,3.667,3.596,3.4,3.284,3.032,2.862,2.626,2.397,2.043,1.602
ATGtrne393.txt_tr|D1QPA0|D1QPA0_9BACT,35.981,24.291,13.793,10.76,7.597,5.47,4.825,4.359,3.922,2.816,2.617,2.421,1.218,1.148,0.892,0.764,0.684,0.496,0.052,0.047
ATGtrne393.txt_tr|A9TLG9|A9TLG9_PHYPA,33.55,20.16,11.636,9.163,6.723,5.598,4.795,3.961,3.888,3.002,2.379,2.048,1.938,1.553,1.353,1.255,1.174,0.995,0.925,0.653
ATGtrne393.txt_tr|C5L679|C5L679_9ALVE,47.724,27.047,15.912,13.888,10.945,9.102,8.789,7.924,7.526,6.825,6.425,6.04,5.643,5.513,5.277,4.948,4.715,4.667,4.235,4.079
ATGtrne393.txt_tr|D2U136|D2U136_9ENTR,18.743,12.068,6.293,5.178,4.582,2.651,2.22,1.827,1.553,1.437,1.392,1.072,0.902,0.846,0.8,0.678,0.6,0.509,0.473,0.359
ATGtrne393.txt_tr|Q57UV7|Q57UV7_9TRYP,67.707,26.575,15.181,13.476,10.505,9.695,8.934,8.622,8.27,7.895,7.749,7.371,6.88,6.52,6.477,5.875,5.719,5.591,5.03,4.333
ATGtrne393.txt_tr|A5WGA3|A5WGA3_PSYWF,49.101,24.283,16.462,13.903,12.438,11.878,10.647,9.216,8.685,7.951,7.871,7.156,7.053,6.728,6.294,6.188,5.791,5.466,4.955,4.101
ATGtrne393.txt_tr|C1MXG3|C1MXG3_9CHLO,42.78,21.596,13.947,10.677,9.709,8.698,7.779,7.295,6.144,5.823,5.494,5.097,5.071,4.568,4.435,4.407,4.13,4.001,3.903,3.277
ATGtrne393.txt_tr|D2S9B4|D2S9B4_GEOOG,24.716,13.924,8.927,6.31,5.85,5.234,4.686,3.512,3.021,2.824,2.198,2.007,1.792,1.543,1.373,1.267,1.187,1.129,1.057,1.037
ATGtrne393.txt_tr|A5BX00|A5BX00_VITVI,46.377,25.009,14.874,13.15,12.39,9.465,9.123,8.288,8.057,7.668,6.759,6.16,5.966,5.763,5.439,5.093,4.977,4.686,4.539,3.908
ATGtrne393.txt_tr|D0LQM4|D0LQM4_HALO1,48.983,24.239,15.559,13.582,11.292,10.332,10.112,9.567,8.836,7.961,7.111,6.428,6.291,6.174,5.957,5.524,5.155,5.1,4.868,4.324
ATGtrne393.txt_tr|Q7UX97|Q7UX97_RHOBA,35.631,17.818,11.016,10.594,8.537,8.246,8.009,7.195,7.041,6.565,6.256,6.051,5.484,5.412,5.224,4.795,4.698,4.461,4.104,3.898
ATGtrne393.txt_tr|Q2FMA8|Q2FMA8_METHJ,14.316,9.386,5.022,4.065,2.874,2.542,2.288,1.749,1.741,1.695,1.302,0.931,0.867,0.713,0.683,0.584,0.53,0.498,0.433,0.369
ATGtrne393.txt_tr|Q018S3|Q018S3_OSTTA,43.283,22.86,13.697,10.609,10.448,9.05,8.715,7.814,7.708,7.34,7.167,6.792,6.434,6.225,6.098,5.593,5.392,5.214,5.009,4.504
ATGtrne393.txt_tr|A8UFW0|A8UFW0_9FLAO,42.31,26.835,14.783,11.966,8.934,7.097,6.577,5.268,4.695,4.005,3.229,3.209,2.93,2.789,2.677,2.472,2.218,2.061,1.953,1.88
ATGtrne393.txt_tr|A6G7X3|A6G7X3_9DELT,34.008,19.34,11.836,9.364,8.525,7.014,5.99,5.205,4.679,4.12,3.986,3.411,2.997,2.946,2.733,2.649,2.563,2.411,2.047,1.837
ATGtrne393.txt_tr|B1VFC4|B1VFC4_CORU7,52.702,26.276,15,13.374,11.203,9.719,9.19,9.071,8.636,8.01,7.434,7.304,6.908,6.846,6.456,6.256,6.05,5.881,5.667,5.116
ATGtrne393.txt_tr|Q01B68|Q01B68_OSTTA,54.606,27.656,17.15,14.58,13.424,11.61,11.239,10.443,9.474,9.349,8.712,8.09,7.619,7.436,7.067,6.925,6.411,6.103,5.703,5.422
ATGtrne393.txt_tr|Q2HB99|Q2HB99_CHAGB,25.636,14.061,8.595,6.872,5.485,4.694,3.863,3.248,2.588,2.032,1.581,1.428,1.359,1.265,1.145,0.872,0.833,0.71,0.597,0.516
ATGtrne393.txt_tr|B2IBV7|B2IBV7_BEII9,33.868,20.324,10.904,8.139,7.363,5.696,5.338,4.276,3.886,3.248,2.345,2.068,1.979,1.893,1.776,1.409,1.334,1.207,1.11,1.083
ATGtrne393.txt_tr|C3Z421|C3Z421_BRAFL,58.824,28.364,19.388,15.59,15.136,13.878,13.668,11.541,10.836,10.071,9.738,9.589,8.908,8.562,7.838,7.409,7.197,7.018,6.777,6.31
ATGtrne393.txt_tr|D1JTC1|D1JTC1_9BACE,21.519,13.225,7.045,5.972,4.38,3.333,2.902,2.164,2.038,1.463,1.284,1.234,0.88,0.668,0.507,0.374,0.327,0.285,0.149,0.005
ATGtrne393.txt_tr|Q28NN9|Q28NN9_JANSC,12.555,7.995,4.763,3.754,2.658,2.165,1.937,1.444,1.277,1.104,0.89,0.624,0.437,0.372,0.309,0.161,0.11,0.07,0.024,0
ATGtrne393.txt_tr|C4XJU1|C4XJU1_DESMR,42.143,19.916,10.488,7.629,7.17,6.653,6.356,5.885,5.649,5.237,5.153,4.913,4.773,4.667,4.291,4.065,4.005,3.929,3.592,3.334
ATGtrne393.txt_tr|Q8PZA1|Q8PZA1_METMA,26.289,16.928,9.239,8.524,6.801,5.612,4.756,4.373,3.845,3.405,3.231,2.998,2.658,2.408,2.272,2.139,1.979,1.909,1.69,1.591
ATGtrne393.txt_tr|A9V2H8|A9V2H8_MONBE,60.342,33.347,20.312,17.33,14.463,12.526,12.075,10.891,9.824,9.312,8.872,8.106,7.663,7.234,6.855,6.642,6.509,6.351,6.256,4.99
ATGtrne393.txt_tr|C3YB99|C3YB99_BRAFL,26.858,15.068,9.62,8.238,6.647,6.425,5.527,5.267,4.545,3.95,3.828,3.796,3.702,3.367,3.269,3.12,3.003,2.91,2.746,2.651
ATGtrne393.txt_tr|B0S6Z4|B0S6Z4_DANRE,40.156,18.95,11.371,9.991,9.458,9.267,8.238,7.746,7.054,6.802,6.648,6.349,6.145,5.902,5.809,5.546,5.375,4.866,4.592,4.366
ATGtrne393.txt_tr|C4PZP9|C4PZP9_SCHMA,70.782,37.05,22.579,20.695,17.684,15.221,14.26,13.88,13.014,12.406,12.054,11.365,10.657,10.015,9.625,9.483,9.045,8.842,8.316,7.402
ATGtrne393.txt_tr|A7ZH45|A7ZH45_ECO24,22.257,14.159,8.112,6.495,5.946,4.368,4.025,3.797,3.623,3.236,3.195,2.879,2.583,2.461,2.399,2.297,2.13,2.006,1.966,1.608
ATGtrne393.txt_tr|B9P9B9|B9P9B9_POPTR,30.52,15.934,12.176,7.555,6.796,5.514,4.826,3.325,2.997,2.328,1.726,1.377,0.947,0.823,0.428,0.328,0.313,0.241,0.18,0.004
ATGtrne393.txt_tr|Q90114|Q90114_CPVBM,23.191,13.517,9.033,6.511,4.537,3.717,2.69,2.465,2.288,1.527,1.376,1.169,1.027,0.775,0.612,0.509,0.389,0.298,0.213,0.154
ATGtrne393.txt_tr|A8XT84|A8XT84_CAEBR,74.229,27.945,19.433,16.264,15.319,14.829,13.602,12.583,12.332,11.559,11.389,10.936,10.408,10.089,9.551,9.323,9.222,9.042,8.421,7.396
ATGtrne393.txt_tr|B9T8S6|B9T8S6_RICCO,30.955,16.667,10.764,9.164,7.375,6.491,6.179,4.997,4.719,4.484,4.077,3.806,3.392,3.284,3.091,2.928,2.875,2.666,2.551,2.344
ATGtrne393.txt_tr|Q8ILB1|Q8ILB1_PLAF7,81.48,41.433,24.759,22.31,19.694,16.908,16.509,15.234,14.252,13.318,12.896,12.232,11.254,10.421,10.368,9.93,9.661,9.571,9.416,8.211
ATGtrne393.txt_tr|B8IVZ4|B8IVZ4_METNO,28.248,15.855,10.115,7.137,6.389,5.23,4.79,4.169,3.149,3.048,2.82,2.03,1.838,1.67,1.644,1.397,1.164,1.073,1.019,0.772
ATGtrne393.txt_tr|Q4UG51|Q4UG51_THEAN,18.284,10.965,6.691,5.53,3.915,3.356,2.956,2.596,2.428,1.919,1.802,1.484,1.281,1.219,1.156,1.128,0.895,0.842,0.772,0.64
ATGtrne393.txt_tr|Q9LM23|Q9LM23_ARATH,54.485,31.839,17.922,14.64,12.631,11.475,11.179,9.994,9.537,8.945,8.319,7.464,7.145,6.875,6.537,6.324,6.229,5.989,5.727,5.071
ATGtrne393.txt_tr|Q2LL63|Q2LL63_9VIRU,32.8,19.03,11.421,9.71,7.974,5.769,5.607,4.862,4.452,4.113,3.582,3.446,2.844,2.535,2.34,2.218,2.149,1.997,1.748,1.675
ATGtrne393.txt_tr|Q9JS58|Q9JS58_CHLPN,37.818,22.939,12.706,10.25,7.733,6.436,5.2,4.381,3.802,2.811,2.263,1.961,1.797,1.291,0.969,0.674,0.558,0.507,0.27,0.01
ATGtrne393.txt_tr|A0P3J2|A0P3J2_9RHOB,42.28,20.693,14.101,11.619,10.103,8.562,8.067,7.529,6.843,6.305,6.144,5.563,5.43,5.28,4.762,4.609,4.392,4.206,4.038,3.448
ATGtrne393.txt_tr|D4UQP3|D4UQP3_RUMAL,31.586,19.167,10.976,8.68,6.926,4.599,4.064,3.086,2.939,2.139,1.833,1.496,1.385,1.047,0.798,0.654,0.46,0.384,0.174,0.002
ATGtrne393.txt_tr|A9UL36|A9UL36_9REOV,19.789,14.5,7.739,5.349,3.829,2.96,2.736,2.319,2.106,1.752,1.441,1.288,0.668,0.527,0.449,0.393,0.32,0.174,0.041,0
ATGtrne393.txt_tr|A7C594|A7C594_9GAMM,23.362,13.54,7.691,6.817,5.31,3.912,3.858,3.31,2.993,2.834,2.426,2.328,1.746,1.649,1.346,1.211,1.142,0.946,0.875,0.796
ATGtrne393.txt_tr|Q11MS5|Q11MS5_MESSB,22.999,13.66,8.239,6.226,5.296,4.009,3.218,2.737,2.452,1.679,1.239,1.094,1.029,0.784,0.601,0.394,0.297,0.28,0.174,0.006
ATGtrne393.txt_tr|A9V127|A9V127_MONBE,69.12,33.962,21.881,17.312,15.674,14.287,13.008,11.26,10.004,9.309,9.218,8.739,7.875,7.683,7.169,6.798,6.641,6.483,6.308,5.65
ATGtrne393.txt_tr|C4JDA5|C4JDA5_UNCRE,62.592,33.415,20.38,17.844,15.5,13.733,13.072,12.023,11.252,10.219,9.91,9.51,8.881,8.645,8.228,8.003,7.731,7.674,7.477,6.463
ATGtrne393.txt_tr|B7U884|B7U884_ARATH,58.886,28.639,15.789,14.284,12.57,11.357,10.982,10.422,10.336,9.781,9.705,8.987,8.177,7.955,7.712,7.323,7.193,6.761,6.517,5.985
ATGtrne393.txt_tr|C6MTQ3|C6MTQ3_9DELT,30.11,20.827,11.544,9.19,5.72,4.657,4.268,3.78,3.034,2.621,2.126,1.599,1.144,0.916,0.711,0.594,0.476,0.386,0.069,0.042
ATGtrne393.txt_tr|C5K8Q3|C5K8Q3_9ALVE,34.509,20.293,11.922,9.937,7.868,6.687,6.107,5.206,4.567,4.091,3.721,3.39,2.828,2.567,2.32,2.158,2.008,1.846,1.767,1.593
ATGtrne393.txt_tr|Q9DTG5|Q9DTG5_9CLOS,78.716,46.234,26.911,22.748,18.014,14.727,13.343,12.255,11.469,10.559,10.055,8.227,8.121,7.683,7.554,7.201,7.115,6.596,6.144,5.958
ATGtrne393.txt_tr|O51936|O51936_THESY,26.387,16.238,8.425,6.951,5.272,4.212,3.23,2.957,2.39,1.643,1.337,1.156,0.866,0.735,0.431,0.376,0.335,0.275,0.035,0
ATGtrne393.txt_tr|D1X7C3|D1X7C3_9ACTO,41.821,24.226,15.255,11.753,9.759,7.867,6.891,5.867,5.417,4.301,3.894,3.467,3.376,2.994,2.753,2.681,2.619,2.454,2.047,1.862
ATGtrne393.txt_tr|Q822P0|Q822P0_CHLCV,33.51,22.386,11.774,9.596,6.602,4.702,4.417,3.668,3.197,2.751,1.935,1.515,1.35,1.231,0.696,0.645,0.549,0.43,0.177,0.013
ATGtrne393.txt_tr|Q2HB43|Q2HB43_CHAGB,64.941,37.666,22.79,18.361,14.983,14.016,12.251,10.509,9.25,8.111,7.856,7.148,6.483,6.24,5.706,5.21,5.116,4.959,4.774,4.268
ATGtrne393.txt_tr|B9EUK1|B9EUK1_ORYSJ,64.291,33.153,17.365,15.678,13.429,12.389,11.624,11.19,11.073,10.929,10.199,9.768,9.2,8.903,8.446,8.251,8.112,7.76,7.59,7.125
ATGtrne393.txt_tr|C3ZHS3|C3ZHS3_BRAFL,93.973,49.978,30.67,26.743,20.683,19.183,18.955,16.401,15.777,14.698,13.99,13.491,12.586,11.99,11.288,11.196,10.78,10.533,10.193,9.183
ATGtrne393.txt_tr|B0RH46|B0RH46_CLAMS,40.736,24.543,15.197,12.386,8.793,7.513,6.498,5.219,4.679,3.613,2.899,2.76,2.518,2.337,1.989,1.936,1.749,1.676,1.451,1.31
ATGtrne393.txt_tr|D2ZQE3|D2ZQE3_METSM,68.448,40.679,22.252,18.069,15.43,12.143,10.161,9.626,9.507,8.716,8.616,7.646,7.566,7.211,6.948,6.793,6.676,6.348,6.125,5.891
ATGtrne393.txt_tr|B0WR82|B0WR82_CULQU,21.542,9.109,7.377,5.699,5.377,4.273,3.07,2.548,2.174,1.98,1.786,1.708,1.377,1.17,1.094,0.951,0.805,0.739,0.662,0.424
ATGtrne393.txt_tr|A9UUZ4|A9UUZ4_MONBE,44.79,22.652,15.716,13.045,9.91,9.066,7.952,6.511,5.552,4.941,4.436,3.924,3.778,3.511,3.214,3.139,3.104,2.886,2.613,2.315
ATGtrne393.txt_tr|A3VP54|A3VP54_9PROT,30.477,16.516,10.197,9.582,8.275,6.468,6.34,5.601,5.28,4.913,4.39,4.067,3.703,3.504,3.441,3.27,3.081,2.86,2.788,2.599
ATGtrne393.txt_tr|A7I6Q1|A7I6Q1_METB6,36.734,23.085,13.741,11.684,9.22,8.902,8.034,7.149,6.813,6.291,5.906,5.683,5.324,4.967,4.932,4.508,4.345,3.616,3.464,3.248
ATGtrne393.txt_tr|B4LWF6|B4LWF6_DROVI,55.135,29.181,18.289,14.823,13.195,11.272,9.608,8.051,7.091,5.933,5.153,4.314,4.248,3.969,3.467,3.194,3.132,2.892,2.647,2.563
ATGtrne393.txt_tr|B6W949|B6W949_9FIRM,33.834,19.548,11.407,10.23,8.459,7.654,7.305,6.701,6.456,5.957,5.686,5.242,5.005,4.69,4.612,4.302,4.203,3.942,3.793,3.555
ATGtrne393.txt_tr|Q5Y190|Q5Y190_HUMAN,100.992,46.186,28.662,28.041,21.62,21.479,21.048,18.941,17.49,16.179,15.841,15.103,13.921,13.052,12.672,11.715,11.562,11.211,10.774,9.116
ATGtrne393.txt_tr|Q4P3S9|Q4P3S9_USTMA,75.227,42.431,24.302,19.474,15.99,12.942,12.166,10.722,9.917,8.945,8.185,7.557,6.703,6.342,6.13,5.834,5.415,5.262,4.843,4.685
ATGtrne393.txt_tr|B9G758|B9G758_ORYSJ,78.096,42.425,25.466,20.295,15.973,14.728,13.262,11.192,10.264,8.909,8.006,7.624,6.2,5.831,5.084,4.7,4.662,4.365,3.758,3.676
ATGtrne393.txt_tr|Q4MVI9|Q4MVI9_BACCE,17.843,12.255,6.863,5.53,3.634,2.868,2.641,2.205,1.934,1.537,1.236,1.018,0.655,0.518,0.419,0.37,0.29,0.235,0.026,0.023
ATGtrne393.txt_tr|A8YGU9|A8YGU9_MICAE,23.913,14.663,8.793,6.807,5.187,4.038,3.663,2.977,2.675,2.37,1.871,1.731,1.648,1.428,1.363,1.194,1.174,0.978,0.896,0.863
ATGtrne393.txt_tr|Q8IM09|Q8IM09_PLAF7,126.23,78.629,41.163,32.819,23.977,19.834,13.2,11.265,10.255,9.168,8.288,7.39,6.129,5.453,5.319,4.442,4.365,3.695,3.607,3.061
ATGtrne393.txt_tr|C4B4C8|C4B4C8_MANSE,74.843,39.515,24.151,21.272,17.812,15.835,14.63,14.106,13.198,12.233,12.069,11.02,10.578,10.159,9.637,9.461,9.212,8.648,8.291,7.62
ATGtrne393.txt_tr|Q7RLW2|Q7RLW2_PLAYO,74.118,32.211,18.374,17.429,14.772,13.447,12.349,12.182,11.798,11.311,10.767,10.325,9.533,9.511,9.194,8.993,8.703,8.533,8.163,7.471
ATGtrne393.txt_tr|C1PEJ6|C1PEJ6_BACCO,16.137,10.345,5.517,4.558,3.48,2.64,2.192,1.894,1.608,1.303,1.295,1.096,0.976,0.799,0.734,0.595,0.489,0.457,0.392,0.375
ATGtrne393.txt_tr|B9ESY6|B9ESY6_ORYSJ,22.177,13.746,7.807,5.689,5.142,4.039,3.065,2.614,2.25,1.834,1.28,1.108,0.972,0.68,0.542,0.378,0.287,0.256,0.163,0.005
ATGtrne393.txt_tr|Q98216|Q98216_MCV1,27.058,16.441,10.612,8.202,6.811,5.608,4.917,4.329,3.908,3.678,3.414,2.995,2.454,2.222,2.217,1.876,1.674,1.566,1.43,1.335
ATGtrne393.txt_tr|D4CU80|D4CU80_9FUSO,44.073,26.73,14.16,12.435,9.214,6.819,6.268,3.887,3.385,2.597,2.028,1.872,1.481,1.041,0.855,0.656,0.539,0.347,0.048,0
ATGtrne393.txt_tr|D2WXM2|D2WXM2_9ALPC,21.688,13.751,8.474,6.846,5.162,4.897,4.394,4.249,3.923,3.6,3.4,3.382,2.971,2.615,2.425,2.33,2.123,1.971,1.859,1.744
ATGtrne393.txt_tr|B9YVM8|B9YVM8_ANAAZ,26.884,15.754,8.992,7.672,6.431,5.917,5.077,4.625,4.484,4.171,3.955,3.775,3.583,3.204,2.991,2.873,2.787,2.555,2.453,1.853
ATGtrne393.txt_tr|D4A1R1|D4A1R1_RAT,47.802,21.254,14.096,10.681,10.229,9.192,8.773,8.619,8.059,7.039,6.762,6.547,6.398,6.031,5.919,5.84,5.452,5.101,4.978,4.3
ATGtrne393.txt_tr|Q0CPX4|Q0CPX4_ASPTN,48.878,25.855,15.769,13.621,10.537,9.895,9.056,7.762,7.259,6.955,6.636,5.951,5.271,4.975,4.845,4.616,4.569,4.207,4.05,3.881
ATGtrne393.txt_tr|B8ADA2|B8ADA2_ORYSI,54.556,27.066,15.58,13.559,11.416,10.737,10.174,9.93,9.626,8.932,8.605,8.253,7.577,7.068,6.918,6.604,6.411,6.223,6.122,5.517
ATGtrne393.txt_tr|D1ZHI0|D1ZHI0_SORMA,68.946,32.291,20.185,18.374,16.208,15.224,14.039,12.688,12.43,11.962,10.989,10.911,10.378,10.268,9.629,9.136,8.954,8.733,8.53,6.952
ATGtrne393.txt_tr|Q2Y541|Q2Y541_9ARCH,11.773,8.829,3.723,2.368,2.173,1.81,1.157,1.051,0.952,0.876,0.552,0.368,0.347,0.302,0.214,0.111,0,0,0,0
ATGtrne393.txt_tr|Q46EE9|Q46EE9_METBF,27.673,17.063,9.063,7.52,5.819,4.074,3.607,2.956,2.637,2.149,1.692,1.47,1.379,0.922,0.707,0.561,0.413,0.371,0.174,0.001
ATGtrne393.txt_tr|B5SK23|B5SK23_RALSO,20.627,12.424,7.196,5.22,4.595,3.36,2.844,2.286,2.219,1.394,1.139,0.912,0.784,0.514,0.379,0.337,0.272,0.204,0.011,0
ATGtrne393.txt_tr|Q2A9S4|Q2A9S4_BRAOL,47.758,27.508,16.336,14.057,10.403,9.453,8.211,7.33,6.985,6.554,6.513,5.409,4.975,4.577,4.392,3.844,3.731,3.683,3.379,3.182
ATGtrne393.txt_tr|D3EEF7|D3EEF7_GEOS4,38.135,21.809,13.289,11.109,8.815,7.757,7.644,6.893,6.385,6.095,5.742,5.296,5.125,4.8,4.686,4.482,4.325,4.22,3.852,3.588
ATGtrne393.txt_tr|Q210X5|Q210X5_RHOPB,16.538,9.116,5.854,3.699,3.437,2.677,2.246,1.771,1.534,1.07,0.864,0.71,0.552,0.51,0.357,0.214,0.133,0,0,0
ATGtrne393.txt_tr|Q2NSU9|Q2NSU9_SODGM,18.738,12.6,6.64,5.757,4.086,3.368,3.072,2.459,1.941,1.728,1.605,1.412,1.12,1.077,0.862,0.765,0.668,0.651,0.582,0.502
ATGtrne393.txt_tr|B6VBW3|B6VBW3_9PELO,57.475,19.379,15.371,11.858,10.947,9.476,8.533,8.248,7.986,7.811,7.225,6.999,6.965,6.564,6.166,6.064,6.008,5.302,4.765,4.406
ATGtrne393.txt_tr|Q2NRU4|Q2NRU4_SODGM,40.885,25.122,13.754,10.989,8.436,6.41,5.062,4.432,4.282,2.792,2.328,2.3,1.881,1.336,1.079,0.769,0.626,0.528,0.298,0.011
ATGtrne393.txt_tr|A2BDJ1|A2BDJ1_MYOLU,18.112,11.484,6.822,5.897,4.161,3.272,2.876,2.83,2.657,2.543,2.308,2.199,1.919,1.693,1.547,1.34,1.216,1.048,0.992,0.943
ATGtrne393.txt_tr|A1WZD0|A1WZD0_HALHL,39.842,23.659,14.378,11.52,10.008,6.894,5.249,4.749,4.234,2.504,2.11,1.738,1.376,0.917,0.72,0.626,0.493,0.357,0.195,0.001
ATGtrne393.txt_tr|B9FYM2|B9FYM2_ORYSJ,44.987,19.446,14.343,10.754,10.458,9.14,8.12,7.576,7.384,7.019,6.515,6.161,5.558,5.394,5.204,5.081,4.891,4.794,4.496,4.173
ATGtrne393.txt_tr|A8JB92|A8JB92_CHLRE,47.642,16.99,14.941,11.817,11.016,9.65,8.576,7.717,7.321,6.663,6.332,6.153,6.103,5.694,5.391,5.258,5.05,4.767,4.627,3.764
ATGtrne393.txt_tr|B4NK68|B4NK68_DROWI,54.552,29.899,18.634,15.873,12.788,11.803,10.933,9.628,9.343,8.484,8.107,7.613,7.121,6.938,6.747,6.323,6.039,5.912,5.718,4.893
ATGtrne393.txt_tr|B4W502|B4W502_9CYAN,45.909,28.607,15.978,13.11,10.41,7.919,6.57,5.756,5.184,4.065,3.663,3.033,2.848,2.458,2.358,2.077,1.892,1.736,1.524,1.301
ATGtrne393.txt_tr|A1S0S6|A1S0S6_THEPD,32.786,20.933,11.448,9.146,6.969,5.355,3.825,3.397,2.99,2.157,1.398,1.248,1.205,0.934,0.778,0.496,0.419,0.328,0.198,0.006
ATGtrne393.txt_tr|A4IR54|A4IR54_GEOTN,12.603,8.572,4.419,3.688,2.515,1.815,1.498,1.369,1.234,0.985,0.78,0.629,0.536,0.489,0.444,0.357,0.318,0.265,0.2,0.175
ATGtrne393.txt_tr|Q98UC4|Q98UC4_CHICK,52.772,25.921,17.057,14.352,13.116,11.623,11.27,10.644,10.244,9.987,9.422,9.052,8.762,8.252,8.065,7.927,7.787,6.932,6.904,6.385
ATGtrne393.txt_tr|C1EAX2|C1EAX2_9CHLO,50.403,28.998,17.558,15.84,12.606,11.332,10.51,10.093,8.86,8.676,8.254,7.96,7.288,6.459,6.063,5.931,5.787,5.656,5.561,4.72
ATGtrne393.txt_tr|Q9X4J3|Q9X4J3_EHRCA,47.801,14.646,9.055,8.014,7.427,6.816,6.361,5.97,5.246,4.944,4.814,4.674,4.543,4.272,4.135,3.99,3.654,3.572,3.301,3.207
ATGtrne393.txt_tr|Q0FYS6|Q0FYS6_9RHIZ,34.915,20.148,11.979,9.861,8.092,7.586,7.03,6.218,5.946,5.256,4.866,4.485,4.425,4.231,4.114,3.927,3.793,3.562,3.282,3.021
ATGtrne393.txt_tr|Q2H2A6|Q2H2A6_CHAGB,50.094,24.256,15.011,12.897,10.922,10.833,9.557,8.916,8.608,8.488,7.994,7.295,7.032,6.945,6.613,6.176,6.132,6.018,5.43,4.988
ATGtrne393.txt_tr|A9GM32|A9GM32_SORC5,38.141,21.744,13.753,9.844,8.54,7.389,5.608,4.449,3.977,2.582,2.023,1.817,1.695,1.318,0.965,0.601,0.503,0.452,0.221,0.003
ATGtrne393.txt_tr|C6MKY8|C6MKY8_9DELT,36.379,20.925,12.4,9.802,7.887,5.946,4.549,4.442,3.768,2.926,2.066,1.937,1.661,1.233,0.981,0.647,0.526,0.478,0.266,0.009
ATGtrne393.txt_tr|A7SRF7|A7SRF7_NEMVE,37.818,23.487,11.922,9.514,7,5.61,4.946,4.061,3.9,2.707,2.204,2.011,1.786,1.269,0.935,0.677,0.523,0.484,0.22,0.003
ATGtrne393.txt_tr|D2BPF2|D2BPF2_LACLK,45.48,26.423,15.438,12.588,9.11,7.725,7.293,5.383,4.941,3.713,3.33,2.812,2.576,2.413,2.174,2.052,1.992,1.952,1.538,1.49
ATGtrne393.txt_tr|C4N5E9|C4N5E9_9CALI,65.728,32.018,20.662,18.406,16.079,15.698,14.576,14.106,13.255,12.704,12.515,11.763,11.415,10.802,10.011,9.919,9.747,9.422,9.285,8.508
ATGtrne393.txt_tr|C0W0X9|C0W0X9_9ACTO,63.317,35.749,21.351,17.593,13.245,11.482,10.605,8.431,6.945,5.5,4.71,4.059,3.915,3.759,3.482,3.322,2.766,2.601,2.509,2.171
ATGtrne393.txt_tr|Q9SSF7|Q9SSF7_ARATH,50.816,28.76,16.429,14.025,11.467,11.051,9.262,7.966,7.453,6.893,6.695,6.171,5.737,5.526,5.175,4.828,4.654,4.451,4,3.745
ATGtrne393.txt_tr|C3YCA2|C3YCA2_BRAFL,73.835,39.331,23.779,19.44,15.593,14.277,13.054,11.208,9.763,8.741,8.663,7.548,6.668,6.288,6.203,5.825,5.616,5.552,5.071,4.287
ATGtrne393.txt_tr|C4WKS6|C4WKS6_9RHIZ,26.094,15.236,9.212,8.16,6.841,6.137,5.091,4.633,4.258,3.884,3.611,3.054,2.914,2.823,2.605,2.526,2.316,2.282,2.219,2.135
ATGtrne393.txt_tr|Q6MZD1|Q6MZD1_9ARCH,30.943,18.721,12.863,10.604,8.104,6.722,6.071,5.243,4.465,4.372,4.228,3.454,2.74,2.609,2.549,2.384,2.122,1.979,1.863,1.617
ATGtrne393.txt_tr|D3E3Z8|D3E3Z8_METRM,14.717,10.758,4.52,3.608,2.986,2.602,2.029,1.963,1.406,1.344,1.122,0.984,0.743,0.722,0.533,0.504,0.488,0.427,0.383,0.351
ATGtrne393.txt_tr|A4H708|A4H708_LEIBR,37.14,19.585,12.862,9.163,7.764,6.973,5.516,4.496,3.754,2.788,2.269,1.688,1.415,1.245,0.69,0.569,0.449,0.38,0.211,0.02
ATGtrne393.txt_tr|Q8ZUL3|Q8ZUL3_PYRAE,22.417,14.5,6.575,5.07,4.726,2.865,2.155,2.069,1.839,1.32,1.152,0.812,0.752,0.725,0.492,0.353,0.279,0.218,0.124,0.005
ATGtrne393.txt_tr|P73131|P73131_SYNY3,22.261,15.777,7.847,6.368,4.598,3.744,3.099,2.601,2.486,1.732,1.609,1.287,0.905,0.772,0.587,0.455,0.355,0.235,0.06,0.033
ATGtrne393.txt_tr|Q8FE02|Q8FE02_ECOL6,20.039,13.317,7.872,6.217,5.029,3.804,3.619,3.382,3.05,2.981,2.894,2.338,2.29,2.066,1.994,1.869,1.763,1.648,1.519,1.384
ATGtrne393.txt_tr|Q5B3Z3|Q5B3Z3_EMENI,39.662,19.809,12.635,11.212,9.149,8.664,8.376,7.875,7.797,6.974,6.635,6.413,6.294,5.971,5.741,5.39,5.151,5.046,4.968,4.45
ATGtrne393.txt_tr|D2NTP7|D2NTP7_ROTMD,26.368,14.689,9.75,7.964,6.423,6.191,5.878,5.388,4.874,4.407,4.281,4.041,3.845,3.474,3.365,3.304,3.157,2.986,2.809,2.382
ATGtrne393.txt_tr|Q5FAK4|Q5FAK4_NEIG1,24.566,15.354,8.086,7.064,5.578,4.07,3.895,3.452,3.007,2.729,2.379,2.215,2.011,1.702,1.583,1.423,1.347,1.176,1.127,1.006
ATGtrne393.txt_tr|Q01CF6|Q01CF6_OSTTA,54.34,29.884,17.866,14.307,13.266,11.485,9.142,8.199,6.935,6.112,5.544,5.224,4.918,4.832,4.498,4.457,4.208,4.015,3.698,3.41
ATGtrne393.txt_tr|O07704|O07704_MYCLE,18.413,9.486,6.505,4.587,3.902,3.19,2.525,2.136,1.991,1.485,1.088,0.863,0.737,0.642,0.427,0.28,0.19,0.173,0.116,0.004
ATGtrne393.txt_tr|B4JUF7|B4JUF7_DROGR,87.852,29.606,23.549,19.451,17.531,15.203,13.93,13.097,12.67,12.216,11.117,10.855,9.849,9.613,9.565,9.306,9.213,8.838,8.142,6.905
ATGtrne393.txt_tr|D2UAK5|D2UAK5_XANAP,23.337,14.017,8.182,5.648,5.242,3.992,3.188,2.809,2.609,1.795,1.447,1.1,1.021,0.734,0.604,0.409,0.296,0.228,0.183,0.005
ATGtrne393.txt_tr|A9MMY5|A9MMY5_SALAR,49.035,27.707,17.351,13.983,10.832,8.927,7.767,6.239,5.367,4.102,3.104,2.714,2.578,2.445,1.995,1.793,1.7,1.622,1.367,1.052
ATGtrne393.txt_tr|Q2VNY0|Q2VNY0_ECOLX,15.178,10.687,6.184,4.625,2.843,2.354,2.188,1.746,1.518,1.342,1.205,0.875,0.667,0.629,0.536,0.517,0.429,0.385,0.3,0.229
ATGtrne393.txt_tr|B9GBB4|B9GBB4_ORYSJ,72.612,44.038,26.942,21.014,17.715,15.611,14.042,12.939,12.041,11.031,9.983,9.227,7.886,7.725,7.379,7.071,6.663,6.132,5.827,5.47
ATGtrne393.txt_tr|A5JYU4|A5JYU4_CAEEL,87.779,38.396,24.083,21.447,19.187,17.718,16.557,15.668,13.567,13.15,12.685,11.981,11.736,10.404,9.855,9.342,8.13,7.3,5.879,5.089
ATGtrne393.txt_tr|B9P699|B9P699_POPTR,53.904,29.854,16.645,14.828,12.775,12.208,11.392,10.645,10.129,9.616,9.424,9.061,8.41,8.02,7.663,7.462,7.093,6.754,6.402,5.772
ATGtrne393.txt_tr|B6JW76|B6JW76_SCHJY,33.288,14.005,9.18,7.341,6.515,6.378,6.062,5.575,5.335,5.295,5.016,4.878,4.745,4.61,4.468,4.398,4.315,4.036,3.342,2.875
ATGtrne393.txt_tr|B4MIX9|B4MIX9_DROWI,78.104,32.44,22.215,20.161,16.992,16.367,14.142,13.389,12.042,11.268,10.842,10.278,10.172,10.069,9.741,9.462,8.133,7.494,7.216,6.662
ATGtrne393.txt_tr|Q0KJI7|Q0KJI7_9SPHN,28.466,14.407,10.285,7.088,6.223,5.437,4.92,4.096,3.08,2.731,2.485,2.037,1.855,1.737,1.553,1.498,1.224,1.144,0.901,0.796
ATGtrne393.txt_tr|Q5FNG7|Q5FNG7_GLUOX,16.357,9.672,5.437,4.377,2.938,2.837,2.187,1.463,1.411,1.038,0.859,0.736,0.692,0.457,0.327,0.287,0.267,0.149,0.096,0.007
ATGtrne393.txt_tr|B4VIY7|B4VIY7_9CYAN,62.605,28.494,16.809,15.814,12.214,11.49,10.787,10.682,9.785,9.638,9.397,9.146,8.627,7.854,7.663,7.424,7.25,7.016,6.835,5.864
ATGtrne393.txt_tr|C9DFZ1|C9DFZ1_9CAUD,27.157,14.366,8.93,7.327,6.035,5.035,4.202,3.717,3.061,2.915,2.353,2.188,1.922,1.695,1.525,1.41,1.403,1.272,1.055,0.97
ATGtrne393.txt_tr|D3CD47|D3CD47_9ACTO,28.305,16.818,10.64,7.972,7.478,6.062,5.497,4.885,4.321,4.03,3.821,3.666,3.115,2.835,2.64,2.561,2.239,2.182,2.018,1.82
ATGtrne393.txt_tr|D4D1Q6|D4D1Q6_TRIVH,58.303,31.096,18.549,16.951,13.206,12.509,11.451,11.234,10.548,10.047,9.279,8.828,8.722,8.483,8.398,7.921,7.694,7.622,7.456,6.844
ATGtrne393.txt_tr|B3MQ60|B3MQ60_DROAN,66.356,36.578,22.103,19.396,15.683,13.42,12.614,11.639,11.283,10.782,10.143,8.795,7.987,7.768,7.2,6.789,6.599,6.323,6.133,5.36
ATGtrne393.txt_tr|A6UTX8|A6UTX8_META3,22.022,14.599,7.889,6.33,3.86,3.581,2.793,2.434,2.175,1.996,1.772,1.441,1.174,1.067,0.91,0.849,0.754,0.688,0.646,0.574
ATGtrne393.txt_tr|A8WXI2|A8WXI2_CAEBR,101.494,38.747,31.679,25.157,22.064,19.988,19.697,17.995,17.86,15.299,14.798,14.257,13.669,13.389,12.244,11.821,11.524,11.387,10.958,9.336
ATGtrne393.txt_tr|D4ZWA9|D4ZWA9_SPIPL,71.403,41.18,23.783,20.025,14.436,12.261,11.028,10.731,9.866,9.077,8.307,8.211,7.012,6.773,6.465,6.119,5.933,5.682,5.445,4.811
ATGtrne393.txt_tr|A9SV01|A9SV01_PHYPA,30.324,18.177,9.956,8.195,6.088,5.088,4.29,3.561,2.862,2.538,1.762,1.479,1.359,1.01,0.739,0.6,0.418,0.363,0.189,0.001
ATGtrne393.txt_tr|Q6YQX1|Q6YQX1_ONYPE,49.625,27.536,14.768,13.658,11.001,10.463,10.167,9.689,9.17,9.12,8.688,8.234,7.813,7.392,7.125,6.562,6.466,6.249,5.67,5.397
ATGtrne393.txt_tr|A8XP65|A8XP65_CAEBR,45.586,24.963,14.112,12.397,10.079,8.688,7.715,7.565,6.841,6.645,6.15,5.722,5.239,5.172,4.851,4.609,4.389,4.303,4.048,3.483
ATGtrne393.txt_tr|D2D0B6|D2D0B6_9REOV,22.073,13.218,7.58,5.249,5.074,4.349,4.202,3.576,3.387,3.152,2.812,2.315,2.275,2.153,2.025,1.856,1.688,1.584,1.461,1.349
ATGtrne393.txt_tr|Q4S836|Q4S836_TETNG,43.262,24.408,16.05,13.579,10.45,9.763,9.468,9.08,8.948,8.186,7.899,7.779,7.15,6.711,6.554,6.483,6.059,5.603,5.519,5.067
ATGtrne393.txt_tr|Q4D375|Q4D375_TRYCR,83.56,49.285,28.384,22.153,16.291,15.105,12.821,10.549,8.828,7.69,5.561,4.581,4.132,3.719,3.472,2.803,2.422,2.185,2.034,1.719
ATGtrne393.txt_tr|C6QJQ0|C6QJQ0_9RHIZ,46.273,24.113,15.353,13.349,11.85,11.369,10.311,9.294,8.945,8.598,8.117,7.678,7.306,7.084,6.966,6.843,6.502,6.339,5.855,5.576
ATGtrne393.txt_tr|C1NFQ3|C1NFQ3_9ESCH,30.872,17.892,10.517,9.099,7.667,7.206,6.376,6.212,5.567,5.241,5.06,4.877,4.533,4.419,4.345,4.003,3.904,3.754,3.497,3.174
ATGtrne393.txt_tr|Q4RNL1|Q4RNL1_TETNG,56.023,26.873,18.186,15.274,13.743,12.704,11.46,10.663,10.074,9.777,9.095,8.48,7.894,7.681,7.453,7.359,7.12,6.815,6.383,5.598
ATGtrne393.txt_tr|B9P4S2|B9P4S2_POPTR,76.551,37.721,24.683,17.974,15,12.148,11.401,8.849,8.554,8.255,7.26,6.869,6.721,6.59,6.22,5.946,5.734,4.901,4.707,4.576
ATGtrne393.txt_tr|A3L6X1|A3L6X1_PSEAE,28.513,16.225,10.302,8.206,6.239,4.857,3.812,3.327,2.743,1.805,1.627,1.394,1.262,0.917,0.672,0.517,0.378,0.374,0.209,0.006
ATGtrne393.txt_tr|Q5GQX0|Q5GQX0_BPSYP,35.635,21.134,12.53,10.427,7.043,6.389,5.628,4.13,3.302,2.3,1.679,1.459,1.234,0.894,0.767,0.663,0.468,0.381,0.192,0.028
ATGtrne393.txt_tr|B2VKH3|B2VKH3_ERWT9,55.456,30.083,16.838,15.739,12.98,12.674,11.991,11.22,10.323,10.27,9.824,9.027,8.844,8.328,7.882,7.422,7.229,6.754,6.734,5.798
ATGtrne393.txt_tr|D3NRA4|D3NRA4_AZOS1,51.568,25.337,16.44,14.699,12.154,10.989,10.527,9.769,9.059,8.71,8.351,7.872,7.31,7.176,6.68,6.432,6.093,6.031,5.858,5.19
ATGtrne393.txt_tr|Q32VR8|Q32VR8_CAMJE,29.247,19.135,11.167,7.969,6.209,4.596,3.962,3.59,3.291,2.439,2.265,1.762,1.647,1.463,1.441,1.218,1.061,1.006,0.848,0.771
ATGtrne393.txt_tr|A0B623|A0B623_METTP,22.157,14.139,8.218,6.224,5.409,4.106,3.488,2.865,2.633,2.322,1.754,1.614,1.496,1.294,1.228,1.13,1.043,0.921,0.808,0.785
ATGtrne393.txt_tr|A8SG42|A8SG42_9FIRM,29.902,16.435,8.794,7.914,6.445,6.041,5.789,5.687,5.495,4.89,4.651,4.449,4.198,4.053,3.644,3.53,3.258,3.132,3.101,2.759
ATGtrne393.txt_tr|A8JA83|A8JA83_CHLRE,107.133,54.568,38.395,25.628,22.691,20.793,18.793,15.9,12.828,11.654,11.336,10.207,8.768,8.51,7.877,7.546,7.353,6.937,6.074,5.855
ATGtrne393.txt_tr|Q49543|Q49543_MYCHO,49.092,18.37,8.692,7.896,7.449,7.015,6.518,6.284,6.102,5.581,5.514,5.095,5.014,4.903,4.712,4.362,4.043,3.81,3.357,3.111
ATGtrne393.txt_tr|Q2JYJ3|Q2JYJ3_RHIEC,26.17,13.466,8.672,6.699,5.933,5.613,5.125,4.796,4.719,4.402,4.197,3.804,3.723,3.519,3.377,3.202,3.087,2.931,2.798,2.359
ATGtrne393.txt_tr|D3QZ10|D3QZ10_CLOB3,42.75,24.07,14.704,11.865,10.946,9.536,8.831,8.35,7.567,7.225,6.973,6.419,6.106,5.726,5.389,5.164,5.029,4.712,4.549,4.272
ATGtrne393.txt_tr|Q8IB94|Q8IB94_PLAF7,141.8,79.7,40.864,35.282,28.322,24.404,18.137,16.747,15.808,13.909,12.653,12.422,11.686,11.014,10.505,10.308,9.354,9.133,8.221,7.961
ATGtrne393.txt_tr|B4MJI9|B4MJI9_DROWI,46.528,19.402,15.299,10.606,9.901,9.046,8.061,6.831,6.101,5.717,5.263,4.453,4.251,3.919,3.512,3.269,3.198,2.98,2.437,2.093
ATGtrne393.txt_tr|D3B9P0|D3B9P0_POLPA,68.971,30.169,20.548,17.513,16.086,13.909,13.527,12.396,12.322,11.827,11.002,10.56,9.617,9.183,9.105,8.962,8.58,8.086,7.765,6.976
ATGtrne393.txt_tr|B3FYI7|B3FYI7_9CAUD,17.197,10.704,6.007,5.414,3.929,2.936,2.556,2.087,1.815,1.358,1.2,1.093,0.863,0.703,0.632,0.577,0.484,0.401,0.374,0.352
ATGtrne393.txt_tr|B3LBM6|B3LBM6_PLAKH,92.065,55.668,32.272,26.182,18.672,14.69,13.142,10.419,10.024,7.936,6.787,6.508,5.541,4.673,4.291,4.145,3.722,3.611,3.55,3.368
ATGtrne393.txt_tr|D3NWQ3|D3NWQ3_AZOS1,19.386,11.715,6.822,4.981,4.777,3.632,2.947,2.135,2.075,1.705,1.187,0.885,0.71,0.664,0.463,0.277,0.203,0.201,0.112,0.004
ATGtrne393.txt_tr|B2JB93|B2JB93_NOSP7,13.145,7.437,4.054,2.635,2.037,1.885,1.624,1.432,1.048,0.981,0.606,0.565,0.423,0.266,0.229,0.135,0,0,0,0
ATGtrne393.txt_tr|Q76K70|Q76K70_ACALU,28.305,14.629,10.402,8.231,7.143,5.928,5.409,4.809,3.604,3.245,2.656,2.341,2.265,1.908,1.764,1.464,1.143,0.949,0.836,0.7
ATGtrne393.txt_tr|C4ZN53|C4ZN53_THASP,18.826,8.238,6.624,4.448,3.587,3.306,2.852,2.699,2.216,2.035,1.787,1.674,1.38,1.243,1.008,0.938,0.89,0.786,0.717,0.5
ATGtrne393.txt_tr|D2QUF5|D2QUF5_SPILD,44.132,26.909,14.597,12.162,9.084,7.252,6.267,4.937,4.311,2.861,2.451,2.231,1.858,1.432,1.101,0.866,0.67,0.599,0.274,0.001
ATGtrne393.txt_tr|A8X232|A8X232_CAEBR,60.669,26.61,17.795,15.559,13.468,11.881,11.016,10.66,10.186,9.855,9.407,8.182,8.019,7.713,7.482,7.073,6.869,6.634,6.427,5.691
ATGtrne393.txt_tr|B3I8E5|B3I8E5_ECOLX,46.282,27.387,15.954,12.656,10.557,8.27,7.92,6.569,5.75,4.952,4.178,3.126,3.069,3.025,2.488,2.275,2.243,1.993,1.864,1.485
ATGtrne393.txt_tr|D2W1F8|D2W1F8_NAEGR,63.502,30.304,18.126,15.9,12.673,11.997,9.766,9.249,8.115,7.43,6.301,5.98,5.836,5.479,5.159,4.683,4.49,4.279,4.081,3.783
ATGtrne393.txt_tr|C7N696|C7N696_SLAHD,62.353,35.725,20.75,17.202,14.094,11.143,10.371,8.99,8.42,7.865,6.644,6.592,6.204,5.902,5.843,5.631,5.489,5.281,5.109,4.916
ATGtrne393.txt_tr|B8BEZ0|B8BEZ0_ORYSI,35.168,19.161,11.282,9.689,8.343,7.767,7.349,7.057,6.896,6.572,6.167,5.764,5.4,5.395,5.217,4.98,4.898,4.716,4.559,4.219
ATGtrne393.txt_tr|C7EZA2|C7EZA2_9POTY,78.276,41.903,24.431,22.162,19.536,16.715,16.293,15.302,14.634,14.299,13.7,12.608,11.638,11.341,10.675,10.466,10.343,10.01,9.679,8.722
ATGtrne393.txt_tr|A7VE30|A7VE30_9CLOT,66.986,41.321,23.477,18.889,14.928,10.839,8.874,8.027,7.098,5.215,4.241,3.761,3.619,2.357,2.164,1.811,1.757,1.559,1.337,1.179
ATGtrne393.txt_tr|B9BBB5|B9BBB5_9BURK,21.811,14.138,7.664,5.975,4.486,3.767,2.615,2.544,1.868,1.616,1.42,1.066,0.738,0.627,0.498,0.429,0.289,0.261,0.152,0.032
ATGtrne393.txt_tr|B5PLE5|B5PLE5_SALET,23.056,12.766,7.94,6.624,5.953,4.933,3.826,3.566,3.067,2.74,2.368,2.164,1.902,1.834,1.771,1.565,1.48,1.459,1.372,0.751
ATGtrne393.txt_tr|D3M4M2|D3M4M2_9ACTO,22.696,11.783,7.602,5.355,5.102,4.832,4.349,4.017,3.624,3.489,3.091,3.003,2.802,2.641,2.528,2.449,2.351,2.238,1.964,1.772
ATGtrne393.txt_tr|C3YL88|C3YL88_BRAFL,44.46,22.506,14.636,12.192,11.114,10.267,9.599,8.451,8.002,7.546,6.86,6.681,6.313,5.944,5.852,5.464,5.29,5.2,4.925,4.531
ATGtrne393.txt_tr|Q76YM6|Q76YM6_9CAUD,25.176,14.53,8.853,7.187,5.59,4.913,4.119,3.385,3.28,2.717,2.182,1.827,1.671,1.394,1.259,1.197,1.145,1.085,1.013,0.882
ATGtrne393.txt_tr|A8WYJ1|A8WYJ1_CAEBR,51.714,20.852,12.139,9.81,9.333,9.041,8.838,8.628,7.825,7.626,7.586,7.249,7.079,6.777,6.586,6.29,5.874,5.809,5.357,4.843
ATGtrne393.txt_tr|B8DXA4|B8DXA4_BORAF,20.51,14.292,7.508,5.672,4.349,2.911,2.242,2.174,1.882,1.575,1.356,1.26,0.621,0.574,0.442,0.41,0.317,0.199,0.027,0
ATGtrne393.txt_tr|A0C7B3|A0C7B3_PARTE,104.855,63.25,32.5,28.431,21.375,18.584,15.979,15.366,13.276,12.53,12.303,10.586,10.091,9.26,9.045,8.743,8.47,8.36,7.6,6.944
ATGtrne393.txt_tr|A9V119|A9V119_MONBE,56.108,23.159,16.525,13.345,12.361,11.646,10.232,9.845,9.607,8.969,8.474,8.185,7.795,7.56,7.195,7.082,6.918,6.341,6.158,5.92
ATGtrne393.txt_tr|C1MQ29|C1MQ29_9CHLO,32.489,16.327,10.83,9.303,7.283,6.797,6.401,5.332,4.602,4.515,4.198,3.89,3.346,3.125,2.924,2.763,2.637,2.371,2.275,1.75
ATGtrne393.txt_tr|Q25AB6|Q25AB6_ORYSA,86.792,44.457,26.897,23.965,20.625,20.178,18.315,17.175,15.978,14.881,14.478,13.948,12.861,12.208,11.833,11.361,11.175,10.796,10.155,8.962
ATGtrne393.txt_tr|C6H1S8|C6H1S8_AJECH,46.369,22.984,15.34,13.899,11.556,10.549,9.576,9.231,9.036,8.345,8.053,7.222,6.908,6.608,6.352,6.292,6.111,5.739,5.652,4.736
ATGtrne393.txt_tr|A8L7Q0|A8L7Q0_FRASN,42.371,14.863,12.916,11.432,9.432,8.759,8.146,7.725,6.9,6.744,6.405,6.149,5.915,5.31,5.089,4.482,4.061,3.944,3.809,3.184
ATGtrne393.txt_tr|Q9U0Z9|Q9U0Z9_LEIMA,42.055,20.351,14.635,10.868,9.476,8.851,8.032,6.017,5.454,4.96,4.312,3.938,3.802,3.652,3.343,2.944,2.841,2.643,2.509,2.422
ATGtrne393.txt_tr|D3BI08|D3BI08_POLPA,53.682,32.569,19.687,14.935,11.182,9.079,8.041,7.769,7.421,5.913,4.909,4.422,4.059,3.616,3.496,3.208,3.147,2.78,2.59,2.271
ATGtrne393.txt_tr|B5YMT0|B5YMT0_THAPS,41.947,20.725,13.792,10.425,9.233,7.691,6.989,5.818,4.694,4.262,4.161,3.755,3.468,3.256,3.114,2.894,2.325,1.997,1.871,1.585
ATGtrne393.txt_tr|D1XVH6|D1XVH6_9BACT,22.674,14.286,8.485,6.533,5.236,3.209,2.92,2.606,2.366,2.345,1.958,1.555,1.438,1.191,1.079,0.967,0.91,0.794,0.766,0.747
ATGtrne393.txt_tr|Q5W652|Q5W652_ORYSJ,50.476,27.455,16.598,13.719,11.444,9.938,9.373,8.424,7.543,6.802,6.376,6.251,5.519,5.459,4.789,4.681,4.572,4.38,4.039,3.281
ATGtrne393.txt_tr|C9RRT5|C9RRT5_FIBSS,44.61,26.072,14.71,12.22,9.585,8.817,8.506,7.432,7.153,6.67,6.018,5.603,5.287,5.094,4.891,4.871,4.511,4.253,4.202,4.004
ATGtrne393.txt_tr|Q4SJH5|Q4SJH5_TETNG,47.835,22.167,13.826,11.969,11.037,10.141,9.385,8.49,8.247,7.454,6.751,6.45,6.009,5.63,5.537,5.464,5.162,4.675,4.514,4.21
ATGtrne393.txt_tr|B9QIM5|B9QIM5_TOXGO,52.365,20.254,15.669,14.163,11.739,10.742,10.24,10.008,9.761,9.001,8.622,8.113,7.742,7.685,7.352,7.135,6.897,6.498,6.369,5.827
ATGtrne393.txt_tr|Q2JLY3|Q2JLY3_SYNJB,41.564,26.912,15.74,12.063,9.195,7.573,5.724,5.375,4.54,3.014,2.514,2.2,2.094,1.374,1.014,0.824,0.624,0.597,0.285,0.145
ATGtrne393.txt_tr|Q9SXG9|Q9SXG9_PHYPA,38.738,19.644,13.299,11.677,9.451,8.922,7.98,7.698,7.366,7.25,6.692,6.551,6.162,5.371,5.335,5.038,4.84,4.624,4.25,3.932
ATGtrne393.txt_tr|Q5P578|Q5P578_AZOSE,30.819,18.191,11.002,8.136,6.185,5.346,4.273,3.676,3.052,2.209,1.681,1.484,1.413,1.043,0.765,0.466,0.412,0.393,0.224,0.007
ATGtrne393.txt_tr|A2BH96|A2BH96_HUMAN,94.752,46.136,31.621,27.357,24.434,22.326,18.157,17.219,15.478,15.002,14.72,12.249,11.525,11.412,10.597,10.143,9.827,8.398,8.055,7.882
ATGtrne393.txt_tr|C3YGR0|C3YGR0_BRAFL,55.987,23.921,15.327,14.228,12.396,11.388,10.851,9.998,9.614,9.207,8.633,8.502,7.788,7.669,7.466,7.185,6.792,6.553,6.185,5.643
ATGtrne393.txt_tr|C9R437|C9R437_AGGAD,27.833,17.462,10.564,8.45,6.566,4.885,4.775,3.689,3.587,3.116,2.659,2.378,2.056,1.885,1.764,1.58,1.506,1.437,1.342,1.021
ATGtrne393.txt_tr|A9EZ20|A9EZ20_SORC5,15.718,10.134,5.333,3.446,3.101,2.496,2.014,1.575,1.383,0.97,0.776,0.637,0.54,0.424,0.343,0.248,0.164,0.111,0.003,0
ATGtrne393.txt_tr|A3PQS2|A3PQS2_RHOS1,22.682,13.579,8.407,6.504,4.92,4.527,3.352,2.643,2.184,1.552,1.126,1.043,0.88,0.714,0.521,0.327,0.287,0.246,0.166,0.005
ATGtrne393.txt_tr|B6JYZ4|B6JYZ4_SCHJY,45.731,15.459,11.235,7.89,7.505,7.165,6.714,6.416,6.239,6.034,5.494,5.172,5.014,4.82,4.707,4.621,4.475,4.262,4.042,3.802
ATGtrne393.txt_tr|D3FWV6|D3FWV6_BACPE,19.19,13.375,7.558,5.857,3.632,2.624,2.515,2.315,1.764,1.537,1.261,1.246,0.703,0.647,0.53,0.409,0.332,0.262,0.029,0.026
ATGtrne393.txt_tr|Q5FSZ3|Q5FSZ3_GLUOX,21.643,12.221,7.289,5.077,4.006,3.748,3.345,2.286,1.868,1.411,1.226,1.021,0.859,0.655,0.469,0.388,0.324,0.171,0.105,0
ATGtrne393.txt_tr|B3M961|B3M961_DROAN,56.774,22.703,18.296,13.715,13.011,10.128,9.596,9.332,8.551,8.174,7.822,7.056,6.859,6.574,6.405,6.186,5.99,5.406,5.03,4.703
ATGtrne393.txt_tr|Q7P847|Q7P847_FUSNV,38.04,22.719,11.385,10.276,9.016,6.612,6.296,5.737,5.185,4.505,4.18,3.625,3.425,3.348,3.103,2.906,2.829,2.688,2.526,2.2
ATGtrne393.txt_tr|Q1MQC4|Q1MQC4_LAWIP,20.929,13.959,6.721,5.778,5.409,5.195,4.225,4.11,3.9,3.427,3.081,3.059,2.711,2.62,2.426,2.351,2.321,2.186,2.041,1.773
ATGtrne393.txt_tr|D5GLY0|D5GLY0_9PEZI,42.35,24.557,14.369,10.687,9.66,7.892,6.235,5.238,4.053,2.851,2.34,2.027,1.918,1.323,1.036,0.757,0.559,0.529,0.316,0.01
ATGtrne393.txt_tr|C6E3C0|C6E3C0_GEOSM,25.97,17.154,9.369,7.623,5.673,4.635,3.618,3.156,2.716,1.657,1.337,1.289,1.081,0.792,0.722,0.557,0.36,0.322,0.155,0.076
ATGtrne393.txt_tr|Q8QS12|Q8QS12_9BETA,43.817,25.104,15.605,13.103,9.944,8.444,8.028,6.577,6.458,6.167,5.537,4.927,3.842,3.561,3.278,2.962,2.86,2.711,2.527,2.401
ATGtrne393.txt_tr|B8A9U7|B8A9U7_ORYSI,33.732,18.127,10.461,9.642,7.513,6.707,6.419,6.23,5.967,5.607,5.369,5.154,4.786,4.663,4.544,4.374,4.105,3.959,3.594,3.405
ATGtrne393.txt_tr|A0EBQ2|A0EBQ2_PARTE,39.571,23.17,12.364,10.9,8.641,7.164,7.064,5.941,5.902,5.642,5.216,4.781,4.728,4.502,4.302,4.107,4.01,3.818,3.767,3.296
ATGtrne393.txt_tr|A2PNQ8|A2PNQ8_VIBCH,22.35,12.153,7.259,5.974,4.894,4.67,3.665,3.067,2.743,2.679,2.249,2.062,1.74,1.49,1.449,1.414,1.351,1.209,1.051,0.985
ATGtrne393.txt_tr|A9V949|A9V949_MONBE,123.164,61.704,37.301,32.48,29.415,26.948,25.12,22.25,20.897,19.843,18.088,17.771,16.301,16.204,15.311,14.988,14.802,13.863,13.585,12.419
ATGtrne393.txt_tr|D3B5N2|D3B5N2_POLPA,50.707,26.972,16.399,12.9,10.972,9.876,8.235,7.675,6.595,5.718,5.63,5.283,4.765,4.567,4.406,4.13,3.963,3.713,3.294,2.928
ATGtrne393.txt_tr|C2JCV1|C2JCV1_VIBCH,10.845,6.268,3.604,2.898,1.713,1.612,1.512,1.301,1.239,0.904,0.611,0.568,0.401,0.325,0.207,0.158,0.114,0,0,0
ATGtrne393.txt_tr|D2VP19|D2VP19_NAEGR,106.981,57.187,30.971,28.877,24.454,21.236,20.048,19.293,19.004,18.712,18.004,16.137,15.77,14.83,14.546,14.131,13.883,13.468,13.137,11.692
ATGtrne393.txt_tr|Q9RP06|Q9RP06_RHIET,20.238,11.385,7.504,4.867,4.464,4.077,3.144,2.641,2.37,2.072,1.685,1.395,1.22,1.153,0.979,0.959,0.912,0.814,0.716,0.707
ATGtrne393.txt_tr|Q132N1|Q132N1_RHOPS,21.193,12.957,8.256,6.328,4.324,3.516,2.969,2.607,2.448,1.902,1.479,1.345,1.209,1.11,1.041,0.867,0.724,0.647,0.607,0.536
ATGtrne393.txt_tr|Q1Q2C0|Q1Q2C0_9BACT,52.199,31.928,18.473,15.131,10.996,8.111,6.904,5.47,5.105,3.924,3.495,2.981,2.689,2.175,1.954,1.519,1.431,1.341,1.093,1.046
ATGtrne393.txt_tr|Q2JYX5|Q2JYX5_RHIEC,31.769,15.329,9.339,8.72,7.527,7.191,6.971,6.518,6.445,6.17,5.737,5.602,5.299,5.119,4.974,4.695,4.354,4.138,3.972,3.406
ATGtrne393.txt_tr|C4QHS9|C4QHS9_SCHMA,42.075,23.013,13.205,10.751,8.787,6.942,6.549,5.66,4.884,4.222,3.925,3.283,2.892,2.773,2.558,2.387,2.175,1.973,1.825,1.696
ATGtrne393.txt_tr|C4X158|C4X158_KLEPN,36.87,21.571,12.417,10.193,8.574,7.041,6.39,4.809,3.947,3.484,2.978,2.744,2.262,2.202,1.853,1.645,1.514,1.436,1.3,1.006
ATGtrne393.txt_tr|B9PIH9|B9PIH9_TOXGO,53.455,24.972,15.885,13.304,11.309,9.745,8.907,8.12,7.89,6.893,6.42,6.237,5.845,5.59,5.384,5.346,5.136,4.798,4.434,3.999
ATGtrne393.txt_tr|C4KUV7|C4KUV7_BURPS,35.516,18.999,12.95,9.441,7.678,7,6.474,5.031,4.454,3.864,3.416,2.901,2.575,2.457,2.073,1.945,1.819,1.562,1.427,1.291
ATGtrne393.txt_tr|A8ALZ0|A8ALZ0_CITK8,17.693,11.23,6.248,5.211,4.208,3.57,2.822,2.706,2.337,2.051,1.812,1.576,1.16,1.093,0.929,0.89,0.836,0.793,0.688,0.55
ATGtrne393.txt_tr|C4M5M3|C4M5M3_ENTHI,23.98,13.71,6.763,5.64,4.767,4.531,3.898,3.716,3.559,3.455,2.877,2.767,2.74,2.628,2.444,2.401,2.289,1.763,1.69,1.523
ATGtrne393.txt_tr|Q5BG75|Q5BG75_EMENI,43.647,23.189,14.789,12.454,11.729,9.856,8.78,7.37,6.457,6.174,5.794,5.081,4.966,4.598,4.135,4.076,3.775,3.676,3.504,3.354
ATGtrne393.txt_tr|Q9TXK0|Q9TXK0_CAEEL,37.309,26.065,14.133,10.737,6.138,5.17,4.415,3.982,3.578,2.917,2.68,1.907,1.399,1.228,0.902,0.726,0.57,0.403,0.097,0.051
ATGtrne393.txt_tr|C3YYT4|C3YYT4_BRAFL,34.789,13.434,11.004,10.37,8.983,8.217,7.995,7.483,7.03,5.966,5.714,5.238,5.006,4.839,4.607,4.189,4.087,4.031,3.761,3.377
ATGtrne393.txt_tr|B7WTT4|B7WTT4_COMTE,29.446,17.09,10.564,8.441,5.41,5.08,4.35,3.377,2.916,2.293,1.719,1.557,1.372,1.042,0.727,0.484,0.405,0.346,0.243,0.008
ATGtrne393.txt_tr|Q4P1H2|Q4P1H2_USTMA,57.843,29.669,18.924,15.814,13.691,12.435,11.094,10.533,9.57,9.383,9.058,8.615,7.825,7.348,7.081,6.999,6.723,6.498,6.287,5.64
ATGtrne393.txt_tr|A4QII8|A4QII8_CORGB,63.538,32.514,20.858,14.378,12.798,11.012,10.384,7.562,7.294,6.849,6.636,6.095,6.016,5.712,5.375,5.081,4.79,4.562,4.052,3.69
ATGtrne393.txt_tr|Q54UX1|Q54UX1_DICDI,46.173,20.568,13.123,11.695,9.314,9.068,8.478,8.076,7.995,7.283,7.226,7.157,6.141,5.912,5.749,5.565,5.502,5.003,4.964,4.352
ATGtrne393.txt_tr|O83335|O83335_TREPA,39.233,23.1,14.106,10.901,7.506,6.867,5.522,4.229,3.974,2.824,2.266,1.91,1.83,1.369,0.952,0.66,0.536,0.461,0.301,0.009
ATGtrne393.txt_tr|Q4S933|Q4S933_TETNG,32.798,20.04,11.85,9.19,7.545,7.153,6.839,5.286,5.018,4.791,4.631,4.243,3.376,3.232,3.047,2.709,2.631,2.239,2.228,1.683
ATGtrne393.txt_tr|A4I2N6|A4I2N6_LEIIN,134.689,51.489,30.295,27.852,25.814,21.282,21.068,19.895,18.93,18.771,17.961,17.307,16.428,15.872,15.598,15.327,15.089,14.736,13.14,12.448
ATGtrne393.txt_tr|B1WPD5|B1WPD5_CYAA5,17.404,11.474,6.01,5.141,4.616,3.861,3.139,2.824,2.564,2.518,2.271,2.148,1.898,1.735,1.685,1.488,1.402,1.29,1.101,0.776
ATGtrne393.txt_tr|A7SZ56|A7SZ56_NEMVE,20.037,11.732,6.79,5.947,4.997,4.013,3.639,3.079,2.771,2.358,2.218,1.918,1.749,1.632,1.551,1.478,1.305,1.019,0.904,0.691
ATGtrne393.txt_tr|A9SMK3|A9SMK3_PHYPA,71.52,31.631,21.438,17.329,16.456,14.538,12.992,12.564,11.272,10.848,10.493,9.837,9.339,9.139,8.543,8.417,8.214,7.943,6.787,6.657
ATGtrne393.txt_tr|Q1BUZ1|Q1BUZ1_BURCA,32.942,17.954,11.616,9.295,8.341,7.202,6.919,6.222,6.201,6.027,5.862,5.539,5.426,4.819,4.482,4.37,4.218,3.921,3.685,3.326
ATGtrne393.txt_tr|C5GW94|C5GW94_AJEDR,22.016,12.255,7.795,6.412,4.49,4.204,3.723,2.606,2.371,1.578,1.266,1.165,1.101,0.76,0.554,0.396,0.295,0.281,0.152,0.001
ATGtrne393.txt_tr|Q5JHM3|Q5JHM3_PYRKO,28.506,18.38,10.28,8.628,6.913,5.69,5.298,4.77,4.225,4.132,3.688,3.265,3.144,2.918,2.679,2.439,2.376,2.126,2.083,1.851
ATGtrne393.txt_tr|Q236S9|Q236S9_TETTH,69,43.195,21.209,18.617,13.453,10.836,9.046,8.127,7.844,6.758,6.694,5.354,4.99,4.594,4.379,4.24,3.893,3.707,3.362,3.058
ATGtrne393.txt_tr|C7M204|C7M204_ACIFD,54.197,30.998,19.096,15.321,11.276,9.912,9.014,8.498,7.896,6.938,5.907,5.852,5.573,5.308,4.718,4.634,4.123,3.956,3.556,3.302
ATGtrne393.txt_tr|C3Y3Z3|C3Y3Z3_BRAFL,76.484,30.967,21.57,19.973,16.543,15.695,15.243,13.941,13.859,12.226,12.097,11.189,10.703,10.226,9.639,9.229,9.018,8.668,8.526,7.134
ATGtrne393.txt_tr|Q7UY02|Q7UY02_RHOBA,23.489,10.595,8.076,5.639,4.901,4.065,3.397,2.754,2.209,1.465,1.319,1.087,0.931,0.651,0.449,0.415,0.327,0.168,0.104,0
ATGtrne393.txt_tr|B8B2J4|B8B2J4_ORYSI,45.594,28.494,16.198,13.431,11.028,9.885,8.992,8.054,7.476,7.023,6.631,5.801,5.497,5.023,4.936,4.628,4.548,4.199,4.076,3.696
ATGtrne393.txt_tr|Q6LIS8|Q6LIS8_PHOPR,16.848,10.982,5.913,5.133,3.417,2.634,2.178,2.053,1.646,1.26,1.031,0.961,0.788,0.569,0.452,0.358,0.235,0.199,0.109,0.062
ATGtrne393.txt_tr|Q6MEU1|Q6MEU1_PARUW,31.045,15.659,9,8.808,7.216,6.365,6.015,5.713,5.308,5.092,4.894,4.834,4.641,4.505,4.357,4.069,3.907,3.704,3.171,3.073
ATGtrne393.txt_tr|A7B6A6|A7B6A6_RUMGN,54.59,29.074,17.839,15.601,11.281,10.32,9.845,7.478,7.105,6.354,5.575,5.121,4.805,4.555,4.243,4.175,3.93,3.755,3.614,3.212
ATGtrne393.txt_tr|B4KH60|B4KH60_DROMO,44.556,17.058,13.447,12.675,10.552,9.53,8.95,8.491,7.418,7.096,6.219,6.05,5.118,4.844,4.52,4.44,4.015,3.802,3.47,3.147
ATGtrne393.txt_tr|Q1KKZ8|Q1KKZ8_TAKRU,49.169,19.358,11.943,9.494,8.735,7.88,7.554,6.699,6.305,6.197,5.939,5.559,5.529,5.006,4.906,4.6,4.539,4.129,3.787,3.355
ATGtrne393.txt_tr|Q4Q3Q7|Q4Q3Q7_LEIMA,101.841,58.593,35.226,26.168,20.732,17.322,15.604,12.219,11.422,8.836,7.342,5.969,5.546,4.693,4.081,3.728,3.678,3.333,3.11,2.493
ATGtrne393.txt_tr|C3Z277|C3Z277_BRAFL,30.325,17.083,10.894,9.006,6.876,6.627,5.538,4.695,3.867,3.657,3.119,2.806,2.37,2.225,2.147,1.929,1.842,1.556,1.417,1.26
ATGtrne393.txt_tr|A5L6I6|A5L6I6_9GAMM,106.194,65.188,35.221,29.674,22.413,17.254,14.663,11.097,10.039,7.653,6.807,6.44,5.679,4.685,4.319,3.773,3.592,3.416,3.314,2.691
ATGtrne393.txt_tr|Q9WHI3|Q9WHI3_HHV8,24.242,15.033,9.261,6.805,4.411,3.952,3.672,3.039,2.914,2.265,1.441,1.343,1.004,0.896,0.451,0.44,0.331,0.268,0.12,0.01
ATGtrne393.txt_tr|B1KCF3|B1KCF3_BURCC,44.635,24.424,13.799,12.426,11.255,9.899,9.576,9.214,9.084,8.642,8.203,7.919,7.599,7.419,7.092,6.88,6.241,6.167,5.874,5.395
ATGtrne393.txt_tr|B8PHW5|B8PHW5_POSPM,32.562,18.058,10.962,8.976,7.62,6.35,5.877,5.159,4.704,4.253,3.858,3.573,3.37,3.065,2.919,2.526,2.483,2.281,2.157,2.046
ATGtrne393.txt_tr|Q8F1Z2|Q8F1Z2_LEPIN,21.425,14.375,7.85,6.569,3.908,3.081,2.945,2.372,2.071,1.392,1.255,1.049,0.823,0.698,0.473,0.389,0.34,0.31,0.102,0.007
ATGtrne393.txt_tr|A8I1X6|A8I1X6_HETRO,17.775,10.609,6.003,5.15,3.699,3.285,3.239,2.339,2.089,1.665,1.574,1.526,1.418,1.332,1.234,1.156,0.992,0.957,0.863,0.798
ATGtrne393.txt_tr|D4S778|D4S778_9FIRM,34.37,15.849,8.625,7.599,7.196,6.486,6.102,6.064,5.906,5.773,5.404,5.214,4.811,4.613,4.48,4.433,4.282,4.034,3.767,3.554
ATGtrne393.txt_tr|B8N0Y3|B8N0Y3_ASPFN,39.128,23.562,14.573,12.245,8.911,7.817,7.022,6.314,5.683,4.77,4.311,4.197,3.719,3.533,3.312,3.125,2.824,2.675,2.596,2.265
ATGtrne393.txt_tr|C0S9I4|C0S9I4_PARBP,44.454,25.592,14.239,12.01,9.318,8.92,7.843,7.126,6.433,5.814,5.531,5.201,4.641,4.423,4.25,3.98,3.687,3.577,3.338,3.26
ATGtrne393.txt_tr|C7IYU0|C7IYU0_ORYSJ,25.214,15.502,9.248,7.438,5.714,5.117,4.331,3.628,3.025,2.763,2.449,2.427,2.259,2.095,1.975,1.822,1.586,1.447,1.393,1.139
ATGtrne393.txt_tr|C3Z3R3|C3Z3R3_BRAFL,68.232,25.557,19.11,17.781,15.906,14.388,13.709,13.059,12.448,11.145,10.96,10.12,9.543,8.738,8.526,8.222,8.07,7.805,7.41,6.731
ATGtrne393.txt_tr|Q7X8F3|Q7X8F3_ORYSJ,66.483,35.015,21.718,18.403,15.391,14.098,11.953,11.615,11.133,10.127,9.072,8.827,8.394,7.846,7.696,7.473,7.296,6.814,6.644,6.162
ATGtrne393.txt_tr|Q3AR72|Q3AR72_CHLCH,186.183,86.735,54.749,47.139,43.482,41.701,38.835,34.8,32.473,30.445,28.066,26.661,26.122,24.144,22.175,21.894,20.922,20.448,17.443,14.731
ATGtrne393.txt_tr|Q6UYH5|Q6UYH5_9CAUD,21.81,12.608,7.297,5.354,4.975,3.208,2.643,2.209,1.998,1.412,1.123,0.995,0.9,0.686,0.509,0.361,0.289,0.283,0.12,0.002
ATGtrne393.txt_tr|Q6PYB8|Q6PYB8_FELCA,42.782,19.809,13.646,11.075,10.759,10.069,9.132,8.008,7.635,7.234,6.958,6.432,6.165,5.867,5.676,5.306,4.862,4.753,4.562,4.118
ATGtrne393.txt_tr|B8QUH8|B8QUH8_HEV,58.957,31.234,20.076,17.267,14.973,14.315,12.572,12.038,11.864,11.219,10.655,10.118,9.479,8.809,8.618,8.458,8.351,7.84,7.494,6.997
ATGtrne393.txt_tr|A5GQX6|A5GQX6_SYNR3,18.058,9.651,6.455,4.586,3.201,2.991,2.302,2.065,1.93,1.305,1.086,0.899,0.795,0.579,0.304,0.287,0.214,0.141,0.073,0
ATGtrne393.txt_tr|C4Q8H5|C4Q8H5_SCHMA,41.43,24.485,14.121,11.433,8.662,7.271,6.959,5.792,5.388,5.011,4.094,3.738,3.438,3.11,3.039,2.639,2.475,2.335,2.239,2.097
ATGtrne393.txt_tr|C1E9U0|C1E9U0_9CHLO,27.361,15.149,9.61,6.886,6.604,5.833,5.231,4.67,4.098,3.695,3.617,3.296,2.636,2.48,2.115,2.082,1.902,1.805,1.655,1.257
ATGtrne393.txt_tr|B8FEU0|B8FEU0_DESAA,56.806,29.372,16.65,15.466,13.404,11.962,11.184,10.601,10.337,10.079,9.61,8.84,8.35,8.034,7.723,7.368,6.979,6.71,6.543,5.969
ATGtrne393.txt_tr|A6G9M7|A6G9M7_9DELT,77.405,45.945,25.785,19.133,18.064,13.04,11.608,11.096,9.295,7.879,7.694,6.47,5.983,5.715,5.528,5.302,5.27,4.959,4.407,4.31
ATGtrne393.txt_tr|A9MEZ5|A9MEZ5_SALAR,22.652,14.724,7.996,6.382,4.855,3.942,3.186,3.056,2.757,2.349,1.848,1.655,1.494,1.378,1.148,1.143,1,0.962,0.849,0.79
ATGtrne393.txt_tr|A8XQ95|A8XQ95_CAEBR,50.372,29.381,15.374,13.218,10.866,8.448,7.651,7.062,6.936,6.185,5.8,5.529,5.165,4.857,4.837,4.648,4.373,3.895,3.631,3.226
ATGtrne393.txt_tr|B6CLZ1|B6CLZ1_9MYCO,27.396,14.018,9.261,6.576,5.874,5.477,4.651,3.421,2.44,2.195,1.719,1.224,1.088,0.81,0.564,0.485,0.304,0.289,0.186,0.022
ATGtrne393.txt_tr|Q74Z58|Q74Z58_ASHGO,33.784,18.492,11.263,9.009,7.19,6.014,5.963,4.965,4.43,4.357,3.608,3.517,3.177,2.936,2.829,2.648,2.422,2.355,2.289,1.943
ATGtrne393.txt_tr|C4QDS3|C4QDS3_SCHMA,60.853,32.064,19.401,16.626,13.815,12.721,10.788,10.458,9.577,8.854,8.662,8.387,7.309,6.948,6.703,6.519,6.385,5.925,5.715,5.356
ATGtrne393.txt_tr|A8WUG0|A8WUG0_CAEBR,51.848,26.861,16.161,14.046,12.115,10.471,9.478,9.409,8.908,8.322,8.151,7.546,7.206,6.489,6.26,6.107,6.03,5.921,5.218,5.03
ATGtrne393.txt_tr|C6TP59|C6TP59_DROME,45.938,19.129,11.296,10.758,8.177,7.695,7.36,6.971,6.703,6.54,6.387,5.691,5.448,5.217,5.001,4.823,4.693,4.411,4.115,3.725
ATGtrne393.txt_tr|D4YIN1|D4YIN1_9LACT,31.272,17.922,10.152,8.24,5.697,4.992,4.323,3.189,2.902,1.962,1.656,1.489,1.127,0.755,0.564,0.548,0.338,0.194,0.06,0
ATGtrne393.txt_tr|B9F079|B9F079_ORYSJ,52.48,29.342,18.346,14.764,11.716,8.981,7.986,6.901,5.989,4.907,4.434,3.774,3.53,3.021,2.932,2.86,2.826,2.501,2.283,1.977
ATGtrne393.txt_tr|D0MYQ3|D0MYQ3_PHYIN,102.296,60.449,34.02,28.104,22.841,17.438,16.238,13.956,12.992,11.632,10.098,8.852,7.871,7.708,7.554,7.182,6.998,6.734,6.306,5.61
ATGtrne393.txt_tr|B3MFF0|B3MFF0_DROAN,44.508,25.247,14.387,11.78,9.543,9.182,7.746,7.311,6.935,6.537,5.68,4.86,4.651,4.54,4.419,4.024,3.923,3.761,3.481,3.11
ATGtrne393.txt_tr|C4KWD3|C4KWD3_BURPS,33.293,18.316,12.243,9.4,7.933,7.37,6.581,5.314,4.424,4.208,4.068,3.623,3.385,3.351,3.181,2.92,2.833,2.533,2.084,1.93
ATGtrne393.txt_tr|Q2KGD1|Q2KGD1_9PEZI,43.188,21.495,13.872,12.383,10.151,9.918,8.907,7.832,7.707,7.498,6.997,6.743,6.592,5.947,5.888,5.556,5.191,5.009,4.884,4.443
ATGtrne393.txt_tr|C9C5S6|C9C5S6_ENTFC,34.174,20.371,11.667,10.348,7.301,6.703,5.657,5.254,5.023,4.274,3.989,3.759,3.435,3.308,2.966,2.825,2.568,2.453,2.189,1.787
ATGtrne393.txt_tr|C3XZ81|C3XZ81_BRAFL,32.331,18.245,10.897,8.311,6.999,6.268,4.588,3.79,2.965,2.539,1.893,1.567,1.422,1.134,0.728,0.512,0.4,0.391,0.234,0.008
ATGtrne393.txt_tr|Q7XWZ9|Q7XWZ9_ORYSA,59.029,30.466,18.854,16.924,15.118,13.205,12.978,12.399,11.563,10.317,10.187,9.872,9.21,9.037,8.623,8.237,7.804,7.733,7.313,7.071
ATGtrne393.txt_tr|C7PYI8|C7PYI8_CATAD,101.209,57.438,35.279,25.858,22.742,18.507,16.319,12.325,11.497,6.847,5.004,4.869,3.997,3.227,2.386,2.004,1.854,1.624,1.49,1.006
ATGtrne393.txt_tr|D2MWS0|D2MWS0_CAMJE,23.834,14.775,7.252,6.396,4.678,3.291,2.732,2.031,1.814,1.465,0.997,0.861,0.738,0.647,0.485,0.366,0.261,0.165,0,0
ATGtrne393.txt_tr|Q0HYG1|Q0HYG1_SHESR,33.127,17.602,10.62,9.034,7.164,6.3,6.138,5.413,4.543,4.294,4.04,3.666,3.57,3.473,3.17,3.167,3.079,2.873,2.625,2.327
ATGtrne393.txt_tr|Q0J9R4|Q0J9R4_ORYSJ,20.784,12.499,7.9,5.36,4.088,3.166,2.48,2.337,2.019,1.752,1.173,0.997,0.92,0.744,0.563,0.364,0.246,0.224,0.105,0.07
ATGtrne393.txt_tr|C3ZPM5|C3ZPM5_BRAFL,36.269,20.423,12.006,9.78,8.318,7.451,6.723,5.912,5.781,5.692,5.135,4.414,3.794,3.498,3.461,3.43,3.15,3.031,2.878,2.825
ATGtrne393.txt_tr|Q9EZ92|Q9EZ92_LACLA,31.05,19.085,10.627,8.603,6.391,4.673,3.891,3.081,2.837,1.954,1.599,1.502,1.059,0.901,0.672,0.499,0.423,0.355,0.049,0
