#name,V1,V2,V3,V4,V5,V6,V7,V8,V9,V10,V11,V12,V13,V14,V15,V16,V17,V18,V19,V20
ATGtrpo393.txt_sp|I1RGD4|ATG23_GIBZE,-0.3529,0.1203,-0.3687,-0.5672,-2.5909,1.1203,1.5224,-2.4504,-0.8639,-1.4583,-0.5584,0.9903,-0.7761,-2.7313,-2.7831,-0.266,-0.6277,-3.3889,-2.2397,-1.4478
ATGtrpo393.txt_sp|Q6C0L6|ATG17_YARLI,-0.8186,-0.9657,-0.8922,-1.0441,-2.4804,-0.3456,-0.2941,-2.2108,-1.2525,-1.0784,-0.8873,-0.5441,-0.8873,-1.7059,-2.1961,-0.7377,-0.6887,-2.848,-1.5123,-1.0025
ATGtrpo393.txt_sp|Q75B65|ATG20_ASHGO,-0.8354,-0.8111,-0.4194,-0.8232,-2.6464,-0.4159,-0.201,-1.7574,-1.1802,-1.1248,-1.0468,-0.3345,-1.2132,-1.591,-1.9237,-0.1594,-0.617,-2.8856,-1.4887,-1.175
ATGtrpo393.txt_sp|Q51IZ9|ATG22_MAGO7,-0.5714,-1.4816,-1.3594,-1.7172,-2.2459,-1.2401,-1.3579,-1.489,-1.6966,-0.8439,-0.8792,-1.3579,-0.9264,-1.1178,-1.676,-0.3211,-0.5567,-2.3137,-1.2445,-0.8115
ATGtrpo393.txt_sp|Q7SG38|ATG22_NEUCR,-0.5142,-1.4545,-1.2972,-1.6513,-2.1615,-1.1845,-1.3284,-1.3745,-1.6065,-0.8358,-0.8684,-1.327,-0.9023,-1.1072,-1.6893,-0.2958,-0.5821,-2.1682,-1.1235,-0.8019
ATGtrpo393.txt_sp|W0T4C1|ATG12_KLUMD,-0.559,-1.1692,-0.8205,-1.0923,-2.2769,-0.3077,-0.4923,-1.7077,-1.3538,-1.3949,-1.3026,-0.8513,-1.2,-2.1231,-1.159,0.1179,-0.3333,-2.9846,-1.9692,-1.1128
ATGtrpo393.txt_sp|Q5BCH0|ATG12_EMENI,-0.6265,-1.1627,-0.8614,-1.3554,-2.253,-0.5783,-0.8072,-1.8795,-1.6145,-1.3855,-1.3795,-0.7892,-1.1867,-2.1024,-1.1024,-0.0422,-0.4036,-3.1386,-1.9398,-1.1566
ATGtrpo393.txt_sp|Q9LZZ9|ATG8G_ARATH,-1.0744,-1.1322,-1.4711,-1.4876,-2.6529,-0.9008,-0.843,-2.4545,-1.5207,-1.4876,-1.6116,-0.7686,-1.0992,-1.8595,-1.8182,-0.7438,-1.0248,-3.1818,-1.6281,-1.2066
ATGtrpo393.txt_sp|Q8H715|ATG8_PHYIN,-1.1638,-1.0862,-1.5345,-1.5,-2.681,-0.8276,-0.7672,-2.5172,-1.5431,-1.5086,-1.6379,-0.75,-1.1897,-1.7414,-1.8879,-0.75,-1.0517,-3.0948,-1.5862,-1.25
ATGtrpo393.txt_sp|Q872C6|ATG5_NEUCR,-0.8324,-1.1209,-0.9478,-1.294,-2.1676,-0.8022,-0.9698,-1.6648,-1.3324,-1.1291,-1.1236,-0.9918,-1.0742,-1.6181,-1.0604,-0.4093,-0.6951,-2.283,-1.4203,-1.1319
ATGtrpo393.txt_sp|Q9P373|ATG4_SCHPO,-1.0156,-1.4937,-1.4656,-1.4594,-2.1594,-1.0844,-1.2,-2.0094,-1.6062,-1.3844,-1.2312,-1.2875,-1.3219,-1.5656,-1.9656,-0.6594,-0.8656,-2.7687,-1.5281,-1.3594
ATGtrpo393.txt_sp|Q557H7|ATG4_DICDI,-0.753,-0.9503,-0.3718,-0.8336,-1.8685,-0.3221,-0.5329,-1.443,-0.9168,-1.4376,-1.3007,-0.6832,-0.996,-1.4926,-1.2953,-0.2067,-0.502,-2.1611,-1.1664,-1.2403
ATGtrpo393.txt_sp|Q59VY1|ATG5_CANAL,-1.1799,-1.3417,-1.2482,-1.4784,-2.241,-0.9784,-1.2302,-2.1655,-1.4604,-0.8705,-0.8633,-1.1799,-1.0468,-1.5719,-1.3993,-0.8345,-0.8777,-2.4424,-1.4424,-0.946
ATGtrpo393.txt_sp|Q0UXN8|ATG5_PHANO,-1.0643,-1.2637,-1.2058,-1.3955,-2.1865,-0.9164,-1.1061,-1.9325,-1.4244,-0.8714,-0.8167,-1.1222,-1.0161,-1.5145,-1.2733,-0.6688,-0.7235,-2.2701,-1.3891,-0.9421
ATGtrpo393.txt_sp|Q2U5B0|ATG4_ASPOR,-0.9361,-1.3538,-1.2654,-1.2211,-2.0074,-0.9828,-1.0418,-1.7543,-1.484,-1.4201,-1.3391,-1.1179,-1.4054,-1.5725,-1.6241,-0.5479,-0.7838,-2.6093,-1.5921,-1.2973
ATGtrpo393.txt_sp|A7KAL5|ATG4_PENRW,-0.9651,-1.4414,-1.3466,-1.2618,-2.0848,-1.0249,-1,-1.8155,-1.4339,-1.4838,-1.3317,-1.1945,-1.384,-1.6384,-1.7282,-0.5486,-0.8229,-2.7332,-1.6559,-1.3691
ATGtrpo393.txt_sp|A2QWA6|ATG13_ASPNC,-0.3601,-0.8372,-0.8664,-1.2328,-2.5856,-0.6253,-0.8967,-1.1889,-1.1795,-1.667,-1.5668,-0.8935,-1.3852,-2.2046,-0.3048,0.6837,0.0334,-3.0449,-1.8841,-1.2557
ATGtrpo393.txt_sp|Q6FX35|ATG14_CANGA,-1.022,-0.7308,-0.9066,-1.0989,-2.0797,-0.467,-0.7363,-2.0027,-1.2225,-0.9341,-0.9093,-0.5055,-0.706,-1.6099,-1.8132,-0.6621,-0.75,-2.3599,-1.2582,-0.8984
ATGtrpo393.txt_sp|W0T661|ATG16_KLUMD,-0.8095,-0.3254,-0.5873,-0.7143,-3.0238,0.0556,0.2063,-2.4365,-1.5317,-1.5397,-0.7698,-0.1587,-1.1429,-2.627,-2.6111,-0.6587,-0.8968,-3.373,-2.2381,-1.5238
ATGtrpo393.txt_sp|A7KAM6|ATG17_PENRW,-0.5415,-0.7653,-0.8177,-0.8123,-2.3375,-0.3394,-0.1426,-1.7238,-1.148,-1.1715,-0.944,-0.5686,-1.0361,-1.917,-1.8321,-0.4729,-0.6065,-2.7635,-1.5939,-0.9657
ATGtrpo393.txt_sp|Q520U5|ATG16_MAGO7,-0.5441,-0.1471,-0.5245,-0.5931,-3.1765,0.5098,0.8039,-2.4265,-1.4706,-1.7108,-1.0882,0.2059,-1.25,-2.9559,-2.4902,-0.2549,-0.7745,-3.549,-2.4951,-1.6618
ATGtrpo393.txt_sp|A6SG03|ATG17_BOTFB,-0.762,-0.612,-0.746,-0.836,-2.706,-0.072,0.2,-2.102,-1.162,-1.426,-0.996,-0.172,-1.164,-2.156,-2.14,-0.482,-0.686,-3.084,-1.854,-1.288
ATGtrpo393.txt_sp|F4JBP3|ATG1B_ARATH,-0.872,-0.8326,-1.1927,-1.3629,-2.0084,-0.7511,-0.7468,-1.9873,-1.294,-1.4248,-1.1392,-0.7215,-0.9887,-1.827,-1.3024,-0.3291,-0.7609,-3.1125,-1.7918,-1.1646
ATGtrpo393.txt_sp|A0A098DPY0|ATG29_GIBZE,-0.1537,-0.539,-0.7053,-0.6045,-2.0957,-0.2317,0.1234,-1.0076,-1.1159,-1.8338,-1.7733,0.0479,-1.2821,-2.2494,-0.3275,0.2821,-0.2267,-2.4635,-1.7859,-1.3728
ATGtrpo393.txt_sp|A2QTX8|AT222_ASPNC,-0.51,-1.595,-1.51,-1.925,-2.1517,-1.3483,-1.5767,-1.5167,-1.8233,-0.625,-0.6533,-1.5183,-0.8483,-0.9483,-1.73,-0.415,-0.615,-2.1717,-1.165,-0.5767
ATGtrpo393.txt_sp|Q2RBS4|ATG8D_ORYSJ,-1.2119,-1.0339,-1.4407,-1.5169,-2.8136,-0.9237,-0.8051,-2.4068,-1.5339,-1.5678,-1.7373,-0.678,-1.1186,-1.8814,-1.8051,-0.7542,-1.0593,-3.2203,-1.5169,-1.322
ATGtrpo393.txt_sp|Q6CT08|ATG9_KLULA,-1.0242,-1.1531,-0.8458,-1.1222,-2.7808,-0.7896,-0.9185,-1.9031,-1.2687,-1.4846,-1.2764,-1.0485,-1.2577,-1.5793,-1.7302,-0.4482,-0.8579,-2.7148,-1.4009,-1.3877
ATGtrpo393.txt_sp|A7KAI1|ATG2_PICAN,-0.8102,-1.1575,-0.7003,-0.8561,-2.2312,-0.7365,-0.7031,-1.7122,-1.4465,-0.9717,-1.0334,-0.6737,-0.987,-1.5739,-1.6618,-0.1246,-0.4527,-2.7785,-1.5683,-0.9394
ATGtrpo393.txt_sp|Q6C6M0|ATG2_YARLI,-0.7928,-1.2675,-0.939,-1.0348,-2.4223,-0.8689,-0.7751,-1.7193,-1.5698,-1.0584,-1.1764,-0.8636,-1.0505,-1.8367,-1.7239,-0.2702,-0.5502,-3.0348,-1.7574,-0.9167
ATGtrpo393.txt_sp|Q6CYG2|ATG32_KLULA,-0.6164,-1.0725,-0.6508,-1.0267,-1.9847,-0.4695,-0.6393,-1.4656,-1.1756,-1.3263,-1.2958,-0.6088,-0.855,-1.6069,-1.416,-0.0821,-0.4122,-2.3626,-1.3645,-1.0649
ATGtrpo393.txt_sp|D4B086|ATG27_ARTBC,-0.577,-0.941,-0.6918,-0.9934,-1.7508,-0.6525,-0.5934,-1.3082,-1.2525,-1.3148,-1.2033,-0.577,-0.8131,-1.6492,-1.5574,-0.2557,-0.5246,-2.3508,-1.4295,-1.0164
ATGtrpo393.txt_sp|Q5AWA2|ATG7_EMENI,-0.7508,-1.1964,-1.003,-1.2462,-1.9456,-0.9124,-0.9381,-1.7024,-1.4789,-1.0906,-0.9622,-0.8867,-1.1284,-1.4079,-1.5544,-0.4879,-0.6752,-2.5181,-1.432,-0.8943
ATGtrpo393.txt_sp|A2YS06|ATG8C_ORYSI,-1.1833,-1.1667,-1.5333,-1.5917,-2.675,-0.9333,-0.8917,-2.5083,-1.5083,-1.4083,-1.525,-0.8167,-1.0833,-1.7417,-1.9417,-0.85,-1.0833,-3.0667,-1.5167,-1.15
ATGtrpo393.txt_sp|A7KAJ7|ATG12_PICAN,-0.5928,-1.2515,-0.8024,-1.1198,-2.3114,-0.4311,-0.6048,-1.8623,-1.5928,-1.3413,-1.3653,-0.6886,-1.1976,-2.1856,-1.1976,0.0359,-0.2934,-3.1078,-2.0299,-1.0659
ATGtrpo393.txt_sp|F4K265|AT101_ARATH,-0.7116,-1,-1.1302,-1.2884,-2.0372,-0.6372,-0.5535,-1.6558,-1.3163,-1.1023,-1.0791,-0.6698,-0.8605,-1.5209,-1.4698,-0.4093,-0.5628,-2.1674,-1.3116,-0.8279
ATGtrpo393.txt_sp|Q59X11|ATG2_CANAL,-0.7301,-1.1083,-0.6665,-0.9251,-2.2344,-0.681,-0.6918,-1.6573,-1.3922,-1.1223,-1.1282,-0.6756,-0.9698,-1.6552,-1.6239,-0.1724,-0.3928,-2.7058,-1.5426,-1.0038
ATGtrpo393.txt_sp|C5DH39|ATG32_LACTC,-0.6123,-0.8877,-0.7331,-1.2521,-1.9915,-0.4343,-0.5975,-1.7182,-1.1949,-1.3729,-1.25,-0.6017,-0.822,-1.7733,-1.3136,-0.1208,-0.4004,-2.5212,-1.4301,-1.0381
ATGtrpo393.txt_sp|Q2UUT6|ATG9_ASPOR,-0.8623,-1.0063,-0.9317,-1.3491,-2.5342,-0.8118,-1,-1.6488,-1.1514,-1.3901,-1.2471,-1.0242,-1.0852,-1.5373,-1.5973,-0.5615,-0.7666,-2.5499,-1.368,-1.2976
ATGtrpo393.txt_sp|Q9BY60|GBRL3_HUMAN,-1.1795,-1.0342,-1.5385,-1.4615,-2.6838,-0.7949,-0.7265,-2.359,-1.4872,-1.547,-1.6752,-0.6838,-1.1709,-1.7265,-1.8974,-0.7607,-1.0342,-3.0256,-1.5812,-1.2906
ATGtrpo393.txt_sp|Q8NJJ4|ATG8_PICPA,-1.128,-1.08,-1.568,-1.384,-2.624,-0.776,-0.608,-2.376,-1.528,-1.488,-1.632,-0.696,-1.176,-1.736,-1.88,-0.752,-1.016,-2.952,-1.592,-1.232
ATGtrpo393.txt_sp|Q9VTU1|APG12_DROME,-0.964,-1.3063,-1.3243,-1.6577,-2.5766,-0.7838,-1.2072,-2.2973,-1.8198,-1.3063,-1.5405,-0.8108,-1.3333,-1.9189,-1.8559,-0.5856,-0.6486,-3.2883,-1.9099,-1.045
ATGtrpo393.txt_sp|P25568|ATG22_YEAST,-0.5625,-1.7917,-1.6023,-2.2386,-2.2746,-1.4905,-1.7955,-1.5777,-1.8977,-0.5189,-0.6061,-1.6345,-0.7765,-0.9034,-2.0398,-0.517,-0.6402,-2.1686,-1.1515,-0.5341
ATGtrpo393.txt_sp|Q75B79|ATG11_ASHGO,-0.7136,-0.4813,-0.555,-0.7519,-3.0662,0.3713,0.6996,-2.5159,-1.4076,-1.3554,-0.6978,0.3769,-1.083,-2.4058,-2.7948,-0.4422,-0.7099,-3.4459,-2.1362,-1.4021
ATGtrpo393.txt_sp|Q51UJ9|ATG11_MAGO7,-0.4853,-0.2229,-0.5004,-0.6989,-2.8688,0.6487,0.9111,-2.3885,-1.1541,-1.3986,-0.6301,0.5254,-0.9814,-2.4036,-2.5907,-0.2824,-0.6086,-3.3118,-2.0903,-1.329
ATGtrpo393.txt_sp|A1CU77|ATG9_ASPCL,-0.8419,-1.0137,-0.9874,-1.235,-2.5659,-0.824,-1.0295,-1.6375,-1.2034,-1.3793,-1.1855,-1.0727,-1.059,-1.5385,-1.5774,-0.5279,-0.7882,-2.5111,-1.4162,-1.2813
ATGtrpo393.txt_sp|W0TD11|BECN1_KLUMD,-0.9013,-0.7854,-0.8155,-1.0021,-2.5751,-0.103,0.0064,-2.3047,-1.5558,-1.515,-0.97,-0.1845,-1.1009,-2.088,-2.1996,-0.5472,-0.794,-3.0815,-1.8884,-1.515
ATGtrpo393.txt_sp|A2QCV0|ATG17_ASPNC,-0.2491,-0.7216,-0.7747,-0.7216,-2.663,-0.185,-0.0531,-1.793,-1.3114,-1.304,-1.0183,-0.4396,-1.185,-2.1209,-1.9487,-0.5165,-0.6758,-2.989,-1.8168,-1.1575
ATGtrpo393.txt_sp|A7EJG6|ATG5_SCLS1,-1.1504,-1.2707,-1.2932,-1.5526,-2.1654,-0.9812,-1.1729,-2.0526,-1.485,-0.9211,-0.906,-1.1917,-1.0188,-1.5188,-1.312,-0.6692,-0.7707,-2.2481,-1.4211,-0.9248
ATGtrpo393.txt_sp|A7KAK1|ATG17_PICAN,-0.7832,-0.965,-0.8275,-0.8811,-2.8089,-0.1259,-0.1445,-2.2611,-1.2238,-1.31,-0.9324,-0.4429,-1.1445,-2.0466,-2.4522,-0.7389,-0.7552,-3.1748,-1.8182,-1.1562
ATGtrpo393.txt_sp|I1RR07|ATG17_GIBZE,-0.6416,-0.8304,-0.8035,-0.9171,-2.5645,-0.2755,-0.2197,-1.9133,-1.1618,-1.2659,-1.0231,-0.4952,-1.0674,-2.0694,-2.0501,-0.4952,-0.6378,-2.9422,-1.7592,-1.1214
ATGtrpo393.txt_sp|Q6BH63|ATG16_DEBHA,-0.4317,-0.2842,-0.3333,-0.776,-2.7814,0.3989,0.3552,-2.2787,-1.4863,-1.7213,-1.1475,-0.2131,-1.1858,-2.6667,-2.3388,-0.2404,-0.6557,-3.235,-2.0984,-1.5738
ATGtrpo393.txt_sp|Q5AI71|ATG17_CANAL,-0.7416,-0.8634,-0.7857,-0.813,-2.5525,-0.2731,-0.1891,-2.0147,-1.2941,-1.2038,-0.9181,-0.5546,-1.0693,-1.9286,-2.1618,-0.584,-0.5903,-2.9013,-1.7038,-0.9811
ATGtrpo393.txt_sp|Q75BE5|ATG14_ASHGO,-1.1429,-0.8896,-0.9416,-1.263,-2.276,-0.4481,-0.7857,-2.2435,-1.2727,-1.026,-0.9545,-0.5844,-0.7695,-1.7727,-2.1656,-0.7435,-0.9058,-2.6299,-1.3539,-1.0292
ATGtrpo393.txt_sp|Q6FR93|ATG20_CANGA,-0.7928,-0.7477,-0.2948,-0.6069,-2.6494,-0.3161,-0.1713,-1.6773,-1.1448,-1.2205,-1.2377,-0.3267,-1.1607,-1.7105,-1.7424,-0.0319,-0.4794,-2.9495,-1.6215,-1.2722
ATGtrpo393.txt_sp|Q6BS08|ATG1_DEBHA,-0.7989,-0.8457,-1.0297,-1.2514,-2.2251,-0.6103,-0.7017,-1.872,-1.2526,-1.3691,-1.0731,-0.6937,-1.1246,-1.9554,-1.2811,-0.1714,-0.6251,-3.0983,-1.8514,-1.2011
ATGtrpo393.txt_sp|Q756Z7|ATG23_ASHGO,-0.8206,-0.7371,-0.6388,-0.9386,-2.4791,-0.3047,-0.3661,-2.0344,-1.3415,-1.2899,-1.0197,-0.2703,-0.914,-2.0934,-2.0147,-0.2383,-0.5799,-2.8796,-1.7617,-1.1843
ATGtrpo393.txt_sp|Q6CUZ1|ATG22_KLULA,-0.565,-1.935,-1.815,-2.4004,-2.3232,-1.6443,-2.0447,-1.7114,-2.0854,-0.5793,-0.6321,-1.7439,-0.7683,-0.9675,-2.0874,-0.5203,-0.7236,-2.3577,-1.2907,-0.5528
ATGtrpo393.txt_sp|Q6CFR0|ATG11_YARLI,-0.7305,-0.3117,-0.4459,-0.7197,-3.2955,0.658,1.0238,-2.697,-1.3506,-1.4361,-0.6169,0.5952,-1.197,-2.592,-2.9535,-0.4816,-0.8268,-3.7619,-2.2965,-1.4924
ATGtrpo393.txt_sp|Q4WZY1|AT222_ASPFU,-0.5644,-1.6264,-1.5465,-1.9429,-2.1387,-1.3605,-1.6003,-1.5498,-1.7863,-0.6884,-0.7113,-1.522,-0.8515,-1.031,-1.7635,-0.4176,-0.6378,-2.1664,-1.1892,-0.6411
ATGtrpo393.txt_sp|Q6CXW3|ATG7_KLULA,-0.7629,-1.272,-1.0779,-1.3383,-2.0945,-0.9436,-0.9718,-1.8458,-1.6053,-1.1857,-0.9851,-0.9668,-1.1857,-1.4809,-1.7214,-0.5688,-0.7396,-2.7496,-1.5406,-1.0232
ATGtrpo393.txt_sp|Q6BT31|ATG8_DEBHA,-1.0735,-1.1324,-1.4485,-1.2647,-2.5,-0.8309,-0.6765,-2.4265,-1.5882,-1.375,-1.5074,-0.7132,-1.0735,-1.6397,-1.8824,-0.6912,-0.9926,-2.9118,-1.5368,-1.1471
ATGtrpo393.txt_sp|Q8S926|ATG8E_ARATH,-1.1066,-1.1639,-1.3689,-1.459,-2.6557,-0.918,-0.8115,-2.377,-1.4754,-1.5246,-1.6311,-0.8033,-1.1066,-1.8279,-1.8852,-0.7623,-1.041,-3.1639,-1.6066,-1.2131
ATGtrpo393.txt_sp|Q0TWF4|AT221_PHANO,-0.5442,-1.7067,-1.5353,-2.0389,-2.2191,-1.4117,-1.7049,-1.5088,-1.8799,-0.6025,-0.6837,-1.5989,-0.7986,-0.9346,-1.8587,-0.4452,-0.6731,-2.2067,-1.1237,-0.5813
ATGtrpo393.txt_sp|Q75F26|ATG29_ASHGO,-0.657,-0.7674,-0.4535,-0.9535,-2.157,-0.2907,-0.4767,-1.5058,-1.0814,-1.5291,-1.4477,-0.5,-0.9186,-1.8314,-1.3837,-0.1395,-0.4942,-2.4419,-1.4535,-1.2616
ATGtrpo393.txt_sp|J4W0G2|ATG1_BEAB2,-0.7247,-0.7484,-0.9452,-1.2591,-2.0548,-0.5473,-0.6763,-1.7656,-1.1484,-1.357,-1.0774,-0.7151,-1.0624,-1.8645,-1.1151,-0.1258,-0.5753,-2.9495,-1.7086,-1.1989
ATGtrpo393.txt_sp|Q6CVG9|ATG11_KLULA,-0.7256,-0.3231,-0.4493,-0.7811,-3.0287,0.587,0.8327,-2.5488,-1.1922,-1.4063,-0.6453,0.4799,-1.0774,-2.4283,-2.7543,-0.3432,-0.6902,-3.499,-2.1816,-1.4226
ATGtrpo393.txt_sp|Q75CI5|ATG10_ASHGO,-0.8059,-1.1765,-1.3,-1.2235,-2.1765,-0.7353,-1.0176,-2.2647,-1.3412,-1.1588,-0.7412,-1.1059,-0.8529,-1.6706,-1.6941,-0.6882,-0.6824,-2.3118,-1.3471,-0.9
ATGtrpo393.txt_sp|I1S4N7|BECN1_GIBZE,-0.7721,-0.6838,-0.7823,-0.9692,-2.7105,-0.0534,0.0513,-2.1786,-1.5791,-1.5729,-0.8419,-0.1971,-1.1068,-2.2608,-2.1992,-0.5441,-0.7577,-3.1561,-2.0267,-1.4559
ATGtrpo393.txt_sp|Q55CC5|BECNA_DICDI,-0.9042,-0.8231,0.4759,-0.6418,-2.4189,-0.2105,-0.3808,-1.8129,-1.1725,-1.4876,-1.3319,-0.4327,-1.0863,-1.9803,-1.7822,0.0461,-0.3136,-2.9518,-1.6345,-1.4269
ATGtrpo393.txt_sp|O93922|ATG7_PICPA,-0.7737,-1.2309,-1.0917,-1.292,-2.0566,-0.896,-0.9557,-1.8303,-1.5489,-1.185,-1.0199,-0.9709,-1.133,-1.5459,-1.6606,-0.5076,-0.6728,-2.6177,-1.4679,-1.0168
ATGtrpo393.txt_sp|Q9GJW7|GBRAP_BOVIN,-1.2051,-1.1709,-1.547,-1.5983,-2.735,-0.9402,-0.9231,-2.5726,-1.5983,-1.5556,-1.6496,-0.7607,-1.1026,-1.8034,-1.9573,-0.906,-1.094,-3.2222,-1.5897,-1.2308
ATGtrpo393.txt_sp|Q2UMW6|ATG12_ASPOR,-0.642,-1.1307,-0.8636,-1.1136,-2.2784,-0.4432,-0.6591,-1.7159,-1.4375,-1.4886,-1.3239,-0.858,-1.2045,-2.1818,-0.892,-0.0057,-0.3636,-2.983,-1.983,-1.0852
ATGtrpo393.txt_sp|A1C5W7|AT222_ASPCL,-0.5646,-1.599,-1.437,-1.8347,-2.1555,-1.329,-1.5139,-1.5057,-1.725,-0.6056,-0.6874,-1.5025,-0.8511,-1.0295,-1.7332,-0.3863,-0.6121,-2.1653,-1.1588,-0.6318
ATGtrpo393.txt_sp|Q6CQ43|ATG2_KLULA,-0.8915,-1.2011,-0.7856,-1.0539,-2.3708,-0.7856,-0.8542,-1.8688,-1.5093,-1.026,-1.0626,-0.7543,-0.9767,-1.6425,-1.8622,-0.2583,-0.5399,-2.9581,-1.6272,-0.9141
ATGtrpo393.txt_sp|Q9US24|ATG12_SCHPO,-0.8939,-1.0152,-1.1515,-1.4394,-2.3939,-0.5985,-0.7576,-2.1288,-1.7197,-1.2348,-1.3939,-0.6591,-1.3106,-1.8182,-1.5,-0.3864,-0.5833,-3.0076,-1.7652,-0.9848
ATGtrpo393.txt_sp|Q9HFR4|ATG2_PICPA,-0.833,-1.1278,-0.8093,-0.9431,-2.3716,-0.7653,-0.7073,-1.7272,-1.5032,-1.0397,-1.0483,-0.696,-1.0628,-1.6686,-1.6579,-0.1815,-0.5285,-2.8733,-1.6923,-0.9629
ATGtrpo393.txt_sp|W0TIW1|ATG9_KLUMD,-1.0519,-1.1325,-0.8477,-1.1998,-2.6645,-0.8046,-0.8918,-1.8974,-1.2296,-1.3797,-1.1921,-1.0044,-1.1457,-1.4735,-1.6987,-0.4481,-0.8278,-2.6413,-1.3433,-1.3389
ATGtrpo393.txt_sp|Q5ANC9|ATG9_CANAL,-0.9748,-1.0662,-0.625,-0.979,-2.4968,-0.708,-0.8487,-1.6513,-1.0725,-1.2857,-1.1176,-0.9422,-1.1071,-1.3477,-1.584,-0.3803,-0.7742,-2.4758,-1.2489,-1.2668
ATGtrpo393.txt_sp|Q8H1Q8|AT18B_ARATH,-1.1038,-1.3142,-0.8224,-1.1639,-1.2104,-1.1694,-1.4126,-1.5984,-0.8279,-1.1311,-1.1721,-0.9754,-1.3661,-1.6066,-2.1038,0.0109,-0.3743,-2.235,-1.6148,-0.9044
ATGtrpo393.txt_sp|Q2H427|ATG3_CHAGB,-0.8698,-1.3166,-1.0089,-0.6124,-2.5444,-0.7722,-0.4112,-1.6746,-1.3757,-1.5089,-1.5592,-0.7633,-1.2485,-2.003,-1.4615,-0.5976,-0.6361,-2.8077,-1.7041,-1.1864
ATGtrpo393.txt_sp|Q0U199|ATG4_PHANO,-0.7752,-1.1692,-1.1242,-1.0899,-1.7901,-0.7944,-0.8458,-1.6146,-1.3469,-1.3961,-1.2848,-0.9529,-1.2612,-1.4411,-1.4197,-0.4625,-0.636,-2.2998,-1.4133,-1.2484
ATGtrpo393.txt_sp|Q2UBM1|ATG5_ASPOR,-1.0093,-1.205,-1.0807,-1.3882,-2.0652,-0.7981,-1.0497,-1.8012,-1.4565,-0.8602,-0.7919,-1.0031,-1.0466,-1.4907,-1.1646,-0.5776,-0.6894,-2.2298,-1.3696,-0.9037
ATGtrpo393.txt_sp|Q6CKE2|ATG5_KLULA,-1.1956,-1.3432,-1.3653,-1.5572,-2.3506,-1.0332,-1.2214,-2.1587,-1.4834,-0.9779,-0.8819,-1.1181,-1.0923,-1.6052,-1.369,-0.8007,-0.9151,-2.5387,-1.4871,-1.0701
ATGtrpo393.txt_sp|A6RE26|ATG5_AJECN,-0.8769,-1.1411,-1.0631,-1.3243,-1.8919,-0.8048,-1.003,-1.7417,-1.4024,-0.8258,-0.7477,-0.973,-0.9309,-1.3964,-1.036,-0.5616,-0.6577,-2.1441,-1.3333,-0.8318
ATGtrpo393.txt_sp|A5E567|ATG15_LODEL,-0.6938,-1.192,-0.9891,-1.1014,-2.087,-0.8043,-0.8388,-1.5507,-1.2246,-1.4312,-1.3388,-0.9094,-1.0652,-1.7047,-1.6105,-0.5399,-0.5507,-2.1993,-1.2663,-1.154
ATGtrpo393.txt_sp|Q6CPX2|ATG16_KLULA,-0.9762,-0.4206,-0.2937,-0.6905,-2.7778,0.0159,0.2143,-2.4365,-1.3413,-1.4603,-0.8413,-0.1905,-0.9683,-2.4048,-2.4127,-0.6905,-0.9048,-3.2857,-2.1587,-1.5476
ATGtrpo393.txt_sp|A7KAM4|ATG13_PENRW,-0.4548,-0.8583,-0.6561,-1.0185,-2.4107,-0.5739,-0.8203,-1.2361,-0.9138,-1.6109,-1.5513,-0.8614,-1.3532,-2.1109,-0.3973,0.6715,0.0257,-2.8368,-1.7628,-1.345
ATGtrpo393.txt_sp|Q2UFN7|ATG17_ASPOR,-0.4327,-0.7509,-0.7364,-0.7727,-2.5709,-0.2509,-0.1145,-1.7727,-1.2709,-1.3273,-1.02,-0.4909,-1.1618,-2.0291,-1.8927,-0.4927,-0.5927,-2.9255,-1.6818,-1.1164
ATGtrpo393.txt_sp|A7TJJ8|ATG14_VANPO,-1.184,-0.8694,-1.0267,-1.2374,-2.2404,-0.4748,-0.7537,-2.273,-1.2463,-1,-0.9644,-0.4837,-0.8131,-1.727,-1.9347,-0.7359,-0.7982,-2.6261,-1.3798,-0.9852
ATGtrpo393.txt_sp|Q75CH3|ATG1_ASHGO,-0.6883,-0.714,-0.9805,-1.2068,-2.1615,-0.5535,-0.6307,-1.7006,-1.2459,-1.3961,-1.1615,-0.7078,-1.1461,-1.9455,-1.0442,-0.0617,-0.5658,-2.9835,-1.7994,-1.2449
ATGtrpo393.txt_sp|A7TFA9|ATG22_VANPO,-0.625,-1.8731,-1.6404,-2.2442,-2.3019,-1.5346,-1.8808,-1.6731,-1.9808,-0.4788,-0.6462,-1.6865,-0.8058,-0.8923,-2.0942,-0.5327,-0.6115,-2.2346,-1.1577,-0.5231
ATGtrpo393.txt_sp|A1C6D6|ATG15_ASPCL,-0.673,-1.3921,-1.0397,-1.2317,-2.1206,-0.9762,-1.0286,-1.7143,-1.4587,-1.6397,-1.5968,-1.0429,-1.3032,-1.9984,-1.1698,-0.1333,0,-2.5524,-1.3968,-1.1968
ATGtrpo393.txt_sp|Q4X0B0|ATG17_ASPFU,-0.5118,-0.8149,-0.7641,-0.7804,-2.4973,-0.2868,-0.1978,-1.8838,-1.2359,-1.2541,-0.9946,-0.4247,-1.0744,-2.0127,-1.8475,-0.5681,-0.6279,-2.9183,-1.7314,-1.1016
ATGtrpo393.txt_sp|P0CM28|ATG12_CRYNJ,-0.8571,-1.3143,-1.0762,-1.7714,-2.4286,-0.8571,-1.3333,-2.181,-1.8381,-1.2952,-1.3143,-0.9619,-1.2762,-1.8667,-1.6857,-0.4667,-0.6286,-3.1238,-1.8571,-1.0476
ATGtrpo393.txt_sp|Q75EB4|ATG12_ASHGO,-0.6085,-1.0741,-0.7831,-1.2169,-2.3016,-0.2063,-0.3122,-1.7407,-1.418,-1.3069,-1.2381,-0.7831,-1.1852,-2.1217,-1.3228,0.0423,-0.3122,-3.0106,-1.963,-1.1323
ATGtrpo393.txt_sp|Q0CSI0|ATG2_ASPTN,-0.6508,-1.1912,-1.0139,-0.8785,-2.4563,-0.7762,-0.695,-1.6292,-1.3953,-1.2843,-1.2622,-0.9227,-1.2027,-1.9256,-1.0759,-0.0067,-0.3031,-2.8963,-1.8064,-1.0797
ATGtrpo393.txt_sp|Q21480|ATG2_CAEEL,-0.7092,-1.0153,-0.7939,-0.9725,-2.2402,-0.648,-0.5939,-1.7279,-1.3074,-1.1952,-1.1638,-0.6803,-0.9144,-1.7231,-1.4969,-0.2306,-0.4926,-2.6969,-1.5485,-1.0253
ATGtrpo393.txt_sp|I1RNG8|ATG1_GIBZE,-0.6992,-0.7606,-0.9597,-1.1833,-2.1165,-0.554,-0.6875,-1.7097,-1.178,-1.3686,-1.0731,-0.7532,-1.1282,-1.9735,-1.0975,-0.0614,-0.5996,-2.9958,-1.7627,-1.1833
ATGtrpo393.txt_sp|Q9C438|ATG11_PICPA,-0.7357,-0.38,-0.4075,-0.722,-2.7692,0.3496,0.5735,-2.38,-1.2384,-1.1935,-0.6299,0.2232,-0.9688,-2.2049,-2.5963,-0.3747,-0.6344,-3.265,-1.9474,-1.3085
ATGtrpo393.txt_sp|A6RA46|ATG12_AJECN,-0.5028,-1.1006,-0.9832,-1.1341,-2.3128,-0.5084,-0.6425,-1.7989,-1.6257,-1.4525,-1.3687,-0.8268,-1.2626,-2.0894,-0.8212,-0.0559,-0.3073,-3.0894,-1.9385,-1.2011
ATGtrpo393.txt_sp|Q6CBS9|ATG27_YARLI,-0.7899,-1.3442,-0.7355,-0.9457,-2.25,-0.9203,-0.8514,-1.471,-1.6268,-1.2862,-1.3877,-0.5543,-1.3188,-1.5761,-1.7971,-0.3442,-0.4674,-2.3913,-1.5797,-1.0254
ATGtrpo393.txt_sp|Q59PZ3|ATG7_CANAL,-0.7746,-1.2692,-1.025,-1.2989,-2.0751,-0.8638,-0.9358,-1.8341,-1.6072,-1.2222,-1.0657,-0.9577,-1.1502,-1.5587,-1.7684,-0.5102,-0.723,-2.6009,-1.5211,-0.9984
ATGtrpo393.txt_sp|Q51P78|ATG12_MAGO7,-0.6077,-1.1215,-0.8895,-1.105,-2.2099,-0.4751,-0.7127,-1.884,-1.4586,-1.3591,-1.3978,-0.7293,-1.2597,-1.9945,-0.8729,-0.0718,-0.2486,-2.9227,-1.8729,-1.0608
ATGtrpo393.txt_sp|A7ERK1|ATG9_SCLS1,-0.8824,-1.0932,-1.0095,-1.4036,-2.5561,-0.8443,-1.1017,-1.6917,-1.2341,-1.4216,-1.2669,-1.0869,-1.0477,-1.589,-1.678,-0.6536,-0.8008,-2.5477,-1.3941,-1.2627
ATGtrpo393.txt_sp|Q67C55|ATG11_PICAN,-0.7883,-0.5212,-0.4342,-0.7421,-2.8522,0.264,0.5027,-2.338,-1.3002,-1.2379,-0.5997,0.2163,-1.0231,-2.2009,-2.5227,-0.3657,-0.6736,-3.2417,-1.9754,-1.3172
ATGtrpo393.txt_sp|C5DZR8|ATG32_ZYGRC,-0.7336,-0.9602,-0.7097,-1.1988,-2.0676,-0.5089,-0.6342,-1.5586,-1.2187,-1.4294,-1.3181,-0.5885,-0.9185,-1.7197,-1.3101,-0.2266,-0.3897,-2.4811,-1.4811,-1.1412
ATGtrpo393.txt_sp|Q0UNW1|ATG12_PHANO,-0.6615,-1.3385,-1.0615,-1.5769,-2.3231,-0.6538,-1.1308,-1.8615,-1.7923,-1.1846,-1.2615,-0.9692,-1.1308,-2.0923,-1.3462,-0.2846,-0.3462,-3.0692,-2.0769,-0.9
ATGtrpo393.txt_sp|A3LT28|ATG2_PICST,-0.7673,-1.0979,-0.6775,-0.9524,-2.3155,-0.6964,-0.6802,-1.7035,-1.4259,-1.0714,-1.0979,-0.6575,-0.9518,-1.6564,-1.6488,-0.1461,-0.4221,-2.7733,-1.6218,-0.9269
ATGtrpo393.txt_sp|Q9VCE1|BECN1_DROME,-0.8815,-0.8365,-0.9289,-1.1635,-2.6398,-0.0877,-0.0142,-2.4455,-1.5806,-1.5071,-0.9645,-0.2796,-1.09,-2.2014,-2.4384,-0.5782,-0.7559,-3.1967,-1.9668,-1.4408
ATGtrpo393.txt_sp|I1RAY1|ATG14_GIBZE,-0.4289,-0.7593,-0.7221,-0.9606,-1.7724,-0.453,-0.5164,-1.5208,-1.1816,-1.3195,-1.1641,-0.5514,-0.7418,-1.7002,-1.3392,-0.1663,-0.4223,-2.4289,-1.3961,-1.0416
ATGtrpo393.txt_sp|A7TG13|ATG15_VANPO,-0.5788,-1.1257,-0.9788,-1.0531,-2.0726,-0.7965,-0.8938,-1.5522,-1.2761,-1.4442,-1.315,-0.8867,-1.0566,-1.7593,-1.469,-0.3009,-0.3823,-2.1982,-1.3381,-1.1062
ATGtrpo393.txt_sp|Q5A4N0|ATG15_CANAL,-0.6348,-1.1608,-0.9246,-0.9916,-2.0268,-0.7839,-0.861,-1.4322,-1.2261,-1.4606,-1.4188,-0.9162,-1.0905,-1.7806,-1.4657,-0.3015,-0.4003,-2.1089,-1.2831,-1.124
ATGtrpo393.txt_sp|A4IIM9|ATG13_XENTR,-0.5078,-1.1157,-0.8902,-1.1196,-2.0118,-0.5784,-0.6824,-1.4941,-1.1843,-1.3118,-1.3137,-0.7765,-0.898,-1.7353,-1.1569,-0.1804,-0.3059,-2.5255,-1.3863,-0.9745
ATGtrpo393.txt_sp|A7KAM5|ATG15_PENRW,-0.5825,-1.4829,-1.0743,-1.2244,-1.9643,-0.9316,-0.9406,-1.685,-1.4606,-1.5914,-1.6523,-1.0684,-1.4175,-2.0892,-1.1025,-0.1218,0.3388,-2.5557,-1.471,-1.1486
ATGtrpo393.txt_sp|A3LX29|ATG17_PICST,-0.7785,-0.6046,-0.8489,-0.8012,-2.6563,-0.1511,0.0186,-2.1325,-1.2836,-1.2919,-0.8778,-0.354,-1.1346,-1.9648,-2.2464,-0.6418,-0.648,-2.9317,-1.7081,-1.0994
ATGtrpo393.txt_sp|Q5B0L1|ATG15_EMENI,-0.6849,-1.3582,-1.0398,-1.1658,-2.0066,-0.9303,-1.01,-1.6567,-1.4229,-1.5489,-1.5257,-1.0066,-1.2388,-1.9818,-1.4279,-0.272,-0.136,-2.4395,-1.4809,-1.1376
ATGtrpo393.txt_sp|Q1DZE0|ATG15_COCIM,-0.7114,-1.4022,-1.0915,-1.2114,-2.1151,-1.0205,-0.9306,-1.5946,-1.4306,-1.6356,-1.5741,-1.1088,-1.4416,-2.03,-0.7429,0,0.2224,-2.5221,-1.4164,-1.1293
ATGtrpo393.txt_sp|Q2H6X2|ATG1_CHAGB,-0.7147,-0.6829,-0.8802,-1.141,-2.07,-0.5599,-0.6702,-1.7359,-1.1739,-1.3266,-1.0817,-0.7073,-1.0106,-1.8324,-1.1018,-0.1135,-0.6098,-2.7847,-1.6479,-1.1463
ATGtrpo393.txt_sp|Q2U0C3|ATG26_ASPOR,-0.6026,-0.7731,-0.961,-0.9444,-2.4285,-0.6792,-0.5513,-1.685,-1.3309,-1.3916,-1.2327,-0.5853,-1.1322,-1.6734,-1.2486,-0.1156,-0.5477,-2.7175,-1.6199,-1.1965
ATGtrpo393.txt_sp|F4I1N8|ATG1T_ARATH,-1.3358,-1.2402,-1.5539,-1.6446,-2.0833,-1.1275,-1.1152,-2.5392,-1.4755,-1.3725,-1.1446,-0.8971,-0.8333,-1.7672,-2.3186,-0.9755,-1.1078,-3.1029,-1.7426,-1.2794
ATGtrpo393.txt_sp|Q6CQ13|ATG10_KLULA,-0.9484,-1.2581,-1.2516,-1.2065,-2.2581,-0.7677,-1.0194,-2.1871,-1.2323,-0.8903,-0.7161,-1.1806,-0.7548,-1.4968,-1.6452,-0.6645,-0.529,-2.1677,-1.1677,-0.8258
ATGtrpo393.txt_sp|Q75A48|ATG9_ASHGO,-1.0301,-1.1583,-0.7614,-1.175,-2.6867,-0.8049,-0.9989,-1.9309,-1.2196,-1.3467,-1.1984,-0.9933,-1.1572,-1.4437,-1.7324,-0.5072,-0.8183,-2.6232,-1.2676,-1.3311
ATGtrpo393.txt_sp|W0TAA4|ATG29_KLUMD,-0.9444,-0.821,-0.463,-0.7593,-2.4321,-0.2963,-0.4012,-1.784,-1.2469,-1.5679,-1.3086,-0.3704,-0.9198,-1.9506,-1.6111,-0.1914,-0.3951,-2.5864,-1.5988,-1.3765
ATGtrpo393.txt_sp|Q6CBC3|ATG7_YARLI,-0.8445,-1.2508,-1.1706,-1.3729,-2.112,-0.9147,-0.9615,-1.8194,-1.6003,-1.2425,-1.0585,-1.0017,-1.1856,-1.5385,-1.8645,-0.5619,-0.7609,-2.7592,-1.4866,-1.0151
ATGtrpo393.txt_sp|A1CYS1|ATG26_NEOFI,-0.6939,-0.6693,-0.9245,-0.9859,-2.5515,-0.7214,-0.5571,-1.6559,-1.299,-1.4979,-1.2807,-0.5494,-1.1594,-1.6925,-1.3054,-0.0882,-0.6016,-2.8307,-1.6615,-1.2518
ATGtrpo393.txt_sp|Q6BJP0|ATG10_DEBHA,-0.9095,-1.1448,-0.6968,-1.181,-1.7783,-0.7919,-0.9186,-1.7647,-1.1674,-1.0633,-0.9005,-0.8235,-0.7014,-1.2127,-1.4072,-0.3348,-0.4163,-2.0226,-0.9231,-0.914
ATGtrpo393.txt_sp|Q6BW58|ATG9_DEBHA,-0.9912,-1.0586,-0.7503,-1.2155,-2.4199,-0.758,-0.9757,-1.8254,-1.1558,-1.2044,-1.0928,-0.8851,-0.9646,-1.2785,-1.7337,-0.4696,-0.7481,-2.389,-1.1492,-1.2011
ATGtrpo393.txt_sp|A7KAK7|ATG27_PICAN,-0.8496,-1.5338,-0.8985,-1.1654,-2.3684,-1.1353,-0.9398,-1.4662,-1.7406,-1.3045,-1.3534,-0.688,-1.3083,-1.7744,-1.9398,-0.3571,-0.5639,-2.6842,-1.6128,-1.0414
ATGtrpo393.txt_sp|I6LAD1|ATG30_PICPA,-0.8125,-0.6562,0.013,-0.5391,-2.151,-0.1615,-0.2161,-1.5755,-0.7708,-1.5391,-1.4219,-0.3542,-0.9141,-1.8047,-1.4036,0.0495,-0.4271,-2.5547,-1.2786,-1.2734
ATGtrpo393.txt_sp|Q6FQJ2|ATG3_CANGA,-0.9579,-1.4272,-1.1133,-0.7508,-2.6828,-0.932,-0.5534,-1.8252,-1.2913,-1.6052,-1.5016,-0.9547,-1.2718,-1.9676,-1.6117,-0.7249,-0.6893,-2.7443,-1.6828,-1.2557
ATGtrpo393.txt_sp|A5DEF7|ATG4_PICGU,-0.8557,-1.2562,-1.0522,-1.1791,-1.8905,-0.9353,-0.8856,-1.709,-1.408,-1.3856,-1.3209,-1,-1.2264,-1.5299,-1.7413,-0.2935,-0.6542,-2.5721,-1.4254,-1.2711
ATGtrpo393.txt_sp|Q6CL19|ATG3_KLULA,-0.9834,-1.3775,-1.1589,-0.7914,-2.6424,-0.9205,-0.5364,-1.8079,-1.351,-1.5695,-1.543,-0.9073,-1.2583,-1.9172,-1.6854,-0.7152,-0.6656,-2.7881,-1.6093,-1.2914
ATGtrpo393.txt_sp|Q54GT9|ATG5_DICDI,-0.8668,-0.9824,-0.2261,-0.9095,-2.0101,-0.6935,-0.7136,-1.5427,-1.1407,-0.8643,-0.8543,-0.794,-0.9623,-1.3894,-0.9472,-0.3894,-0.6181,-2.005,-1.1683,-0.9347
ATGtrpo393.txt_sp|Q8S924|AT12A_ARATH,-0.9062,-1.4792,-1.0312,-1.875,-2.2188,-0.75,-1.3333,-1.9688,-1.6979,-1.2188,-1.3854,-0.9583,-1.1458,-1.8958,-2.0833,-0.5,-0.625,-3.0208,-1.8854,-1
ATGtrpo393.txt_sp|A1C7M3|AT221_ASPCL,-0.5279,-1.6541,-1.4721,-1.8902,-2.1689,-1.3803,-1.5721,-1.5066,-1.7918,-0.6,-0.677,-1.5213,-0.8393,-0.9639,-1.7344,-0.418,-0.6279,-2.1,-1.1623,-0.6311
ATGtrpo393.txt_sp|Q6FXR8|ATG8_CANGA,-1.1949,-1.0763,-1.5508,-1.5085,-2.6864,-0.8051,-0.7881,-2.5339,-1.5254,-1.5254,-1.6186,-0.7627,-1.1271,-1.6441,-1.9068,-0.8136,-1.0763,-2.9661,-1.5085,-1.2458
ATGtrpo393.txt_sp|A7KAI6|ATG7_PICAN,-0.8424,-1.3503,-1.0717,-1.3487,-2.1401,-0.9347,-0.9968,-1.8742,-1.6115,-1.207,-1.0159,-1.0127,-1.1847,-1.5159,-1.7516,-0.5812,-0.7755,-2.6959,-1.5191,-1.035
ATGtrpo393.txt_sp|Q9Y751|ATG26_KOMPG,-0.7539,-0.834,-0.9595,-1.0339,-2.5351,-0.8035,-0.5714,-1.7845,-1.3204,-1.3848,-1.2122,-0.493,-1.1916,-1.5277,-1.5169,-0.1949,-0.6969,-2.7647,-1.5615,-1.1478
ATGtrpo393.txt_sp|Q6FIW0|ATG27_CANGA,-0.7283,-1.4167,-0.7355,-0.9638,-2.308,-0.9275,-0.8949,-1.3659,-1.6377,-1.3623,-1.4203,-0.587,-1.3116,-1.721,-1.7645,-0.337,-0.5399,-2.5254,-1.5906,-1.0362
ATGtrpo393.txt_sp|A7TH64|ATG29_VANPO,-0.7115,-0.8269,-0.3894,-0.6827,-2.1394,-0.2356,-0.3269,-1.4808,-1.0865,-1.3846,-1.3462,-0.3606,-0.8462,-1.6971,-1.274,-0.1538,-0.3365,-2.1683,-1.3125,-1.1635
ATGtrpo393.txt_sp|A7KAK6|ATG26_PICAN,-0.6922,-0.8751,-1.0355,-1.1434,-2.6164,-0.776,-0.5649,-1.8622,-1.3892,-1.3691,-1.2168,-0.5979,-1.1539,-1.618,-1.5101,-0.1467,-0.6221,-2.8018,-1.618,-1.1305
ATGtrpo393.txt_sp|A3LQY1|ATG13_PICST,-0.6444,-0.9692,-0.5302,-1.0141,-2.5045,-0.6778,-0.8999,-1.4878,-0.8537,-1.4377,-1.4531,-0.8986,-1.285,-1.9692,-0.7561,0.6624,-0.0449,-2.8883,-1.6893,-1.3479
ATGtrpo393.txt_sp|Q2ULT1|ATG13_ASPOR,-0.3604,-0.8727,-0.7115,-1.117,-2.5103,-0.6489,-0.8809,-1.1684,-0.9497,-1.7043,-1.6879,-0.8573,-1.5318,-2.1427,-0.0955,0.8008,0.193,-3.0708,-1.7793,-1.3522
ATGtrpo393.txt_sp|Q5BH90|ATG16_EMENI,-0.2871,-0.4257,-0.6188,-0.7525,-2.7871,0.2079,0.2129,-2.1436,-1.5,-1.599,-0.9059,-0.1931,-1.2574,-2.5842,-2.3564,-0.1931,-0.6238,-3.2525,-2.0446,-1.4406
ATGtrpo393.txt_sp|Q6BIA1|ATG21_DEBHA,-0.9023,-1.2613,-0.5865,-1.0056,-1.5395,-1.0169,-1.2218,-1.3722,-1.0545,-0.9774,-1.1053,-0.8759,-1.4492,-1.5545,-1.5451,0.1147,-0.3459,-2.3008,-1.5132,-0.8778
ATGtrpo393.txt_sp|Q5QJC0|ATG21_PICAN,-0.9716,-1.1933,-0.7938,-0.9897,-0.9046,-1.0644,-1.5155,-1.3557,-0.6057,-1.1649,-1.2242,-0.9871,-1.3892,-1.4562,-1.9665,0.1598,-0.2345,-1.8608,-1.4278,-0.8608
ATGtrpo393.txt_sp|Q96U88|ATG18_NEUCR,-0.9817,-1.1651,-0.7362,-1.0367,-1.3509,-1.0505,-1.3555,-1.4358,-0.7592,-1.1835,-1.2431,-0.9656,-1.5161,-1.5963,-1.9885,0.172,-0.3257,-2.2317,-1.6353,-0.9702
ATGtrpo393.txt_sp|Q2HFE0|ATG22_CHAGB,-0.5692,-1.5169,-1.4138,-1.7569,-2.2815,-1.3031,-1.4538,-1.4538,-1.7015,-0.76,-0.8015,-1.3938,-0.9138,-1.0554,-1.7615,-0.3046,-0.6092,-2.1938,-1.1431,-0.7692
ATGtrpo393.txt_sp|A7KAI8|ATG10_PICAN,-0.7785,-1.0268,-1.094,-1.4497,-1.9128,-0.5705,-0.8389,-2.0872,-1.0604,-1.0336,-0.906,-0.8926,-0.7315,-1.3289,-1.5638,-0.698,-0.4966,-1.9799,-0.9262,-0.6779
ATGtrpo393.txt_sp|Q6P4T0|ATG2A_MOUSE,-0.6432,-1.0653,-1.0716,-1.2278,-2.152,-0.6782,-0.7074,-1.7006,-1.3678,-1.2722,-1.0794,-0.7832,-0.954,-1.7095,-1.3537,-0.2753,-0.488,-2.6019,-1.5084,-0.9906
ATGtrpo393.txt_sp|Q8VYK7|ATG8F_ARATH,-1.1322,-1.1405,-1.4628,-1.5289,-2.6942,-0.9421,-0.9091,-2.438,-1.5124,-1.5041,-1.6198,-0.7686,-1.1074,-1.7686,-1.7934,-0.7521,-1.0826,-3.0992,-1.5868,-1.2562
ATGtrpo393.txt_sp|Q2GV40|ATG18_CHAGB,-0.9315,-1.2462,-0.8706,-0.9594,-1.3274,-1.0406,-1.401,-1.5508,-0.9391,-1.2843,-1.3325,-1.0076,-1.4162,-1.5431,-2.0406,0.1751,-0.297,-2.3756,-1.6675,-1.0203
ATGtrpo393.txt_sp|Q6BGV9|ATG7_DEBHA,-0.7592,-1.342,-1.0798,-1.3083,-2.0859,-0.9294,-0.9586,-1.8436,-1.6058,-1.1856,-1.0169,-1.0169,-1.158,-1.5859,-1.6319,-0.5092,-0.7531,-2.6718,-1.5429,-1.0061
ATGtrpo393.txt_sp|W0TCD0|ATG2_KLUMD,-0.9333,-1.2302,-0.7792,-1.0354,-2.3876,-0.8045,-0.8706,-1.9346,-1.531,-0.948,-1.0781,-0.7538,-0.9553,-1.6651,-1.8739,-0.2688,-0.501,-2.9827,-1.6604,-0.9393
ATGtrpo393.txt_sp|Q5A1Z5|ATG13_CANAL,-0.6649,-0.7543,-0.3719,-0.8581,-2.318,-0.435,-0.7083,-1.5191,-0.9724,-1.435,-1.3955,-0.615,-1.1656,-1.8752,-1.0184,0.3535,-0.2878,-2.724,-1.5283,-1.3062
ATGtrpo393.txt_sp|Q751W1|ATG22_ASHGO,-0.641,-1.8777,-1.7199,-2.359,-2.3511,-1.5897,-1.9349,-1.7751,-1.9882,-0.6036,-0.6982,-1.6785,-0.8462,-0.9724,-2.1065,-0.5523,-0.716,-2.2663,-1.213,-0.6016
ATGtrpo393.txt_sp|A7TTC8|ATG21_VANPO,-0.9787,-1.2678,-0.7749,-1.0711,-1.2962,-1.0853,-1.391,-1.3697,-0.8602,-1.1232,-1.2251,-0.8199,-1.5427,-1.4336,-1.8341,0.0355,-0.3246,-2.2488,-1.5569,-0.9431
ATGtrpo393.txt_sp|Q5B993|ATG11_EMENI,-0.4568,-0.1237,-0.4482,-0.6514,-2.7012,0.7914,1.07,-2.4093,-1.0257,-1.3914,-0.5821,0.649,-0.9393,-2.4708,-2.6482,-0.2249,-0.6195,-3.3681,-2.1471,-1.3611
ATGtrpo393.txt_sp|A7E7N1|AT221_SCLS1,-0.5987,-1.7274,-1.6288,-1.9783,-2.2441,-1.4331,-1.6505,-1.6656,-1.8579,-0.7358,-0.7977,-1.587,-0.9381,-1.1472,-1.9064,-0.4548,-0.6773,-2.2341,-1.2843,-0.6773
ATGtrpo393.txt_sp|Q4P683|ATG9_USTMA,-0.8642,-1.2652,-1.1523,-1.5343,-2.401,-0.9518,-1.2056,-1.8553,-1.3604,-1.3211,-1.1853,-1.1282,-1.0089,-1.3972,-1.9365,-0.6383,-0.8185,-2.4277,-1.2779,-1.2322
ATGtrpo393.txt_sp|P60521|GBRL2_MOUSE,-1.1966,-1.0769,-1.5897,-1.5385,-2.6923,-0.8547,-0.8291,-2.5556,-1.5556,-1.5128,-1.5983,-0.7863,-1.1453,-1.6667,-1.9145,-0.8376,-1.0855,-2.9915,-1.5128,-1.2393
ATGtrpo393.txt_sp|Q23536|LGG2_CAEEL,-1.0538,-1.0077,-1.4462,-1.5154,-2.5692,-0.8462,-0.8923,-2.2385,-1.5231,-1.4923,-1.6846,-0.7154,-1.1385,-1.7308,-1.8385,-0.6615,-1.0231,-3.0385,-1.5692,-1.2
ATGtrpo393.txt_sp|O42651|ATG17_SCHPO,-0.708,-0.6642,-0.8078,-0.7664,-2.6959,-0.0341,0.0122,-2.2044,-1.2628,-1.309,-0.927,-0.1484,-1.1752,-1.9805,-2.2628,-0.7129,-0.7299,-3.1241,-1.781,-1.3041
ATGtrpo393.txt_sp|V6QX21|ATG22_GIBZE,-0.4658,-1.4292,-1.379,-1.7671,-2.2161,-1.2177,-1.4277,-1.4079,-1.6636,-0.7047,-0.7504,-1.3592,-0.8919,-1.0091,-1.6697,-0.2831,-0.589,-2.1431,-1.1142,-0.7184
ATGtrpo393.txt_sp|Q872W1|ATG17_NEUCR,-0.5211,-0.8204,-0.7993,-0.8838,-2.3644,-0.3592,-0.2447,-1.757,-1.1373,-1.3187,-1.0757,-0.5299,-1.0704,-2.0035,-1.6655,-0.4507,-0.6004,-2.8345,-1.6796,-1.1479
ATGtrpo393.txt_sp|Q5A6K2|ATG22_CANAL,-0.676,-1.92,-1.522,-2.232,-2.356,-1.6,-1.902,-1.64,-2.004,-0.502,-0.572,-1.722,-0.802,-0.84,-2.236,-0.468,-0.758,-2.248,-1.202,-0.544
ATGtrpo393.txt_sp|Q6FX92|ATG22_CANGA,-0.6155,-1.793,-1.5878,-2.1848,-2.2218,-1.4917,-1.8096,-1.6654,-1.9131,-0.6174,-0.6784,-1.61,-0.8373,-1,-1.9852,-0.5453,-0.7246,-2.2551,-1.1848,-0.5989
ATGtrpo393.txt_sp|Q9UTD5|ATG10_SCHPO,-0.8827,-1.3296,-1.2123,-1.2123,-2.0112,-0.5419,-0.648,-1.9553,-1.3575,-1.0838,-1.0168,-0.9609,-0.6313,-1.419,-1.5587,-0.7263,-0.6592,-2.3184,-1.162,-0.9944
ATGtrpo393.txt_sp|Q54G11|ATG8L_DICDI,-1.0794,-1.0952,-1.381,-1.4683,-2.6984,-0.8889,-0.8889,-2.3889,-1.5556,-1.4444,-1.4762,-0.7619,-1.0317,-1.8413,-1.8254,-0.7857,-1.0714,-3.0397,-1.5873,-1.1667
ATGtrpo393.txt_sp|A7KAM8|ATG18_PENRW,-1.0141,-1.1616,-0.829,-0.9836,-1.3279,-1.1218,-1.4496,-1.4707,-0.7681,-1.1569,-1.2225,-1.0141,-1.4028,-1.4801,-2.0234,0.1663,-0.3185,-1.9438,-1.4824,-0.9532
ATGtrpo393.txt_sp|Q5A5S7|ATG27_CANAL,-0.7897,-1.5397,-1.0278,-1.3135,-2.3095,-1.0635,-1.0119,-1.5278,-1.8889,-1.3016,-1.4325,-0.8294,-1.3571,-1.7976,-1.8929,-0.3889,-0.5595,-2.631,-1.6706,-0.9524
ATGtrpo393.txt_sp|A4D9P4|ATG12_ASPFU,-0.5977,-1.1724,-0.9828,-1.1552,-2.3563,-0.3563,-0.592,-1.8103,-1.5402,-1.4943,-1.4713,-0.7644,-1.2931,-2.1839,-0.9138,-0.0575,-0.2989,-3.1207,-2.023,-1.2011
ATGtrpo393.txt_sp|Q871U2|ATG7_NEUCR,-0.7625,-1.2003,-0.9371,-1.1931,-1.9728,-0.8097,-0.774,-1.6223,-1.4578,-1.0801,-0.9685,-0.9242,-1.0672,-1.402,-1.6009,-0.4835,-0.6094,-2.485,-1.4292,-0.9342
ATGtrpo393.txt_sp|O43069|ATG7_SCHPO,-0.7673,-1.2573,-1.1032,-1.2912,-2.0647,-0.8521,-0.943,-1.8074,-1.5501,-1.1079,-0.9322,-0.9507,-1.0678,-1.4777,-1.7072,-0.4977,-0.6934,-2.6471,-1.5455,-0.9553
ATGtrpo393.txt_sp|Q5QFG1|ATG8_PICAN,-1.136,-1.072,-1.536,-1.416,-2.6,-0.784,-0.648,-2.368,-1.552,-1.536,-1.64,-0.68,-1.184,-1.744,-1.864,-0.712,-0.952,-2.912,-1.568,-1.248
ATGtrpo393.txt_sp|Q0WPK3|AT18D_ARATH,-1.0563,-1.2097,-0.8363,-0.9923,-1.3248,-1.1893,-1.5601,-1.4476,-0.7852,-1.2941,-1.3453,-1.0077,-1.5652,-1.5601,-2.1739,0.0844,-0.3504,-2.1765,-1.5473,-0.9693
ATGtrpo393.txt_sp|Q6FM20|CIS1_CANGA,-0.8187,-1.0769,-0.6758,-0.522,-2.1703,-0.4835,-0.2527,-1.8407,-1.3571,-1.2637,-1.1374,-0.8077,-0.8736,-1.8297,-1.6319,-0.2912,-0.4505,-2.5604,-1.5549,-1.0549
ATGtrpo393.txt_sp|Q6KAU8|A16L2_MOUSE,-0.7833,-0.7689,-0.8186,-1.0032,-1.5313,-0.4559,-0.7865,-1.6886,-0.8122,-1.3499,-1.1252,-0.6292,-1.3852,-1.7705,-1.9213,-0.0353,-0.5056,-2.3884,-1.5987,-1.1124
ATGtrpo393.txt_sp|Q69NP0|ATG12_ORYSJ,-0.8817,-1.4516,-1.129,-1.914,-2.2473,-0.7204,-1.4946,-2.0538,-1.7849,-1.2043,-1.2796,-0.914,-1.1398,-1.9355,-2.1505,-0.7097,-0.7204,-3.0108,-1.9355,-0.8495
ATGtrpo393.txt_sp|Q871L5|ATG2_NEUCR,-0.6343,-1.1438,-1.0029,-0.8937,-2.4388,-0.7362,-0.667,-1.5919,-1.4632,-1.234,-1.2058,-0.8489,-1.1619,-1.8484,-1.0307,-0.0634,-0.3471,-2.8859,-1.7323,-1.0283
ATGtrpo393.txt_sp|Q6C2F5|ATG9_YARLI,-1,-1.2322,-0.9848,-1.5914,-2.6142,-0.8782,-1.2195,-1.9442,-1.2792,-1.2665,-1.0508,-1.1028,-1.0076,-1.3794,-1.7995,-0.6891,-0.8604,-2.5723,-1.3363,-1.269
ATGtrpo393.txt_sp|Q99325|ATG40_YEAST,-0.8828,-1.2656,-1.0078,-1.4141,-2.1055,-0.7305,-0.9023,-1.9766,-1.3398,-0.9648,-0.9492,-1.0039,-0.6094,-0.8945,-1.7617,-0.5469,-0.2617,-2.1797,-0.832,-0.8633
ATGtrpo393.txt_sp|Q4WNA5|ATG5_ASPFU,-1.0092,-1.1595,-1.1258,-1.4294,-2.135,-0.8098,-1.0215,-1.8896,-1.4387,-0.8497,-0.8221,-1.0583,-1.0092,-1.5184,-1.181,-0.5583,-0.727,-2.2577,-1.3344,-0.9325
ATGtrpo393.txt_sp|K8ESC5|ATG41_CAEEL,-0.9397,-1.3181,-1.262,-1.0936,-1.894,-0.948,-0.8732,-1.7672,-1.4345,-1.2786,-1.2308,-1.0852,-1.2225,-1.4511,-1.5904,-0.5031,-0.79,-2.5301,-1.4283,-1.1788
ATGtrpo393.txt_sp|A5DWA7|ATG5_LODEL,-1.1993,-1.3322,-1.2517,-1.3671,-2.3217,-1.007,-1.2168,-2.2273,-1.4825,-0.8182,-0.8077,-1.2168,-1.035,-1.5385,-1.4371,-0.7273,-0.8497,-2.521,-1.4091,-0.9545
ATGtrpo393.txt_sp|Q8TGI1|ATG1_PICPA,-0.8128,-0.8518,-1.1043,-1.3317,-2.1696,-0.6771,-0.7663,-1.9611,-1.3354,-1.3606,-1.0628,-0.7286,-1.0892,-1.9862,-1.3706,-0.2688,-0.642,-3.1407,-1.8342,-1.2399
ATGtrpo393.txt_sp|A2QIL5|ATG1_ASPNC,-0.7051,-0.856,-0.9434,-1.2761,-2.2234,-0.6495,-0.7865,-1.7368,-1.28,-1.4608,-1.1847,-0.8213,-1.1212,-1.8689,-1.1658,-0.0943,-0.6405,-2.9454,-1.7746,-1.2155
ATGtrpo393.txt_sp|P0CM38|ATG7_CRYNJ,-0.7644,-1.2311,-1.0326,-1.24,-2.0474,-0.883,-0.883,-1.7585,-1.4948,-1.2311,-1.0444,-0.96,-1.1852,-1.5156,-1.7126,-0.4963,-0.7096,-2.4933,-1.4607,-1.003
ATGtrpo393.txt_sp|Q5AMN3|ATG11_CANAL,-0.7056,-0.1854,-0.4524,-0.6627,-3.0687,0.8618,1.1605,-2.7039,-1.2343,-1.327,-0.4979,0.6781,-0.9476,-2.527,-3.0421,-0.3734,-0.6944,-3.7099,-2.23,-1.4575
ATGtrpo393.txt_sp|Q9XEB5|ATG8B_ARATH,-1.1557,-1.1311,-1.4836,-1.541,-2.6803,-0.9508,-0.9016,-2.4754,-1.5082,-1.5,-1.5984,-0.7705,-1.1393,-1.6721,-1.8689,-0.8033,-1.082,-3.0328,-1.4836,-1.2623
ATGtrpo393.txt_sp|A7TFH9|ATG27_VANPO,-0.8092,-1.5305,-0.9237,-1.1985,-2.4885,-1.1527,-0.9847,-1.5954,-1.8511,-1.3359,-1.374,-0.729,-1.3435,-1.7366,-2.0878,-0.4046,-0.5992,-2.7214,-1.7328,-1.0382
ATGtrpo393.txt_sp|Q4WLK5|ATG2_ASPFU,-0.6102,-1.1486,-0.9986,-0.8657,-2.3833,-0.7231,-0.612,-1.6269,-1.4412,-1.2787,-1.25,-0.8727,-1.2134,-1.9241,-0.9384,0.0384,-0.2713,-2.9273,-1.7912,-1.0731
ATGtrpo393.txt_sp|A5DWI6|ATG8_LODEL,-1.0342,-1.0411,-1.3767,-1.1918,-2.5205,-0.7877,-0.5959,-2.1644,-1.5205,-1.3973,-1.5822,-0.637,-1.0959,-1.6986,-1.6849,-0.6233,-0.9863,-2.8836,-1.5548,-1.1438
ATGtrpo393.txt_sp|A7TMC5|ATG23_VANPO,-0.7556,-0.6314,-0.2077,-0.7251,-2.6354,0.0652,0.1487,-2.0978,-1.165,-1.1914,-0.8697,0.053,-1.1833,-2.112,-1.9715,-0.2179,-0.5458,-2.9002,-1.7739,-1.3585
ATGtrpo393.txt_sp|Q7RX99|ATG1_NEUCR,-0.6694,-0.6384,-0.9298,-1.1952,-2.2355,-0.5207,-0.6281,-1.6725,-1.2169,-1.3843,-1.1178,-0.7066,-1.063,-1.8988,-1.1002,-0.0888,-0.564,-2.9566,-1.7242,-1.1684
ATGtrpo393.txt_sp|Q5AZC0|ATG17_EMENI,-0.605,-0.7612,-0.8133,-0.9138,-2.4183,-0.307,-0.2208,-1.8097,-1.1203,-1.2208,-1.0269,-0.5458,-1.0162,-1.9282,-1.7846,-0.4901,-0.5961,-2.7864,-1.5978,-1.0646
ATGtrpo393.txt_sp|A5DIB1|ATG16_PICGU,-0.6272,-0.2781,-0.7041,-0.8757,-3.1598,0.3195,0.503,-2.3314,-1.503,-1.8166,-0.7929,-0.1124,-1.2899,-2.716,-2.6864,-0.3669,-0.9172,-3.4911,-2.2604,-1.5858
ATGtrpo393.txt_sp|O94656|ATG16_SCHPO,-0.6713,-0.5245,-0.5175,-0.8182,-2.0979,0.1049,0.049,-2.028,-1.042,-1.2517,-0.9231,-0.1748,-0.5455,-1.6434,-1.6364,-0.2448,-0.5524,-2.4615,-1.2517,-1
ATGtrpo393.txt_sp|Q6CNX6|ATG20_KLULA,-0.8239,-0.7075,-0.423,-0.7752,-2.7909,-0.3412,-0.1101,-1.7579,-1.077,-1.2594,-1.1274,-0.3585,-1.228,-1.7783,-1.783,-0.1085,-0.577,-2.9717,-1.6242,-1.2531
ATGtrpo393.txt_sp|Q7S083|ATG12_NEUCR,-0.6688,-1.4459,-1.1083,-1.2739,-2.4268,-0.6306,-0.8535,-2.1465,-1.6752,-1.4395,-1.4713,-0.9745,-1.2357,-2.0573,-1.2675,-0.2357,-0.4586,-3.2357,-2.0446,-1.1019
ATGtrpo393.txt_sp|Q1E6Q3|ATG9_COCIM,-0.8571,-1.0849,-0.9774,-1.3609,-2.536,-0.8056,-1.0644,-1.681,-1.1472,-1.3598,-1.2137,-1.0859,-1.0322,-1.5124,-1.6574,-0.5875,-0.7809,-2.5757,-1.377,-1.2728
ATGtrpo393.txt_sp|A2QFJ9|AT221_ASPNC,-0.5651,-1.6482,-1.4446,-1.8746,-2.1336,-1.3322,-1.5358,-1.4886,-1.7378,-0.5749,-0.6661,-1.456,-0.8225,-0.9935,-1.7052,-0.3811,-0.601,-2.1531,-1.1384,-0.6352
ATGtrpo393.txt_sp|A6R6E3|ATG2_AJECN,-0.5914,-1.1287,-1.1862,-0.9824,-2.581,-0.6494,-0.6442,-1.5235,-1.4922,-1.3715,-1.2603,-0.8998,-1.3017,-2.0033,-0.7425,0.0941,-0.2128,-3.0523,-1.933,-1.0361
ATGtrpo393.txt_sp|Q6TGJ4|ATG9_CRYGA,-0.8695,-1.1877,-1.0919,-1.502,-2.2583,-0.8535,-1.032,-1.7057,-1.229,-1.1372,-1.0386,-1.0027,-0.8961,-1.217,-1.7856,-0.6152,-0.7723,-2.2197,-1.1598,-1.1012
ATGtrpo393.txt_sp|A2QSC9|ATG2_ASPNC,-0.6182,-1.1162,-0.995,-0.8847,-2.3805,-0.7456,-0.6601,-1.5934,-1.3724,-1.2584,-1.2314,-0.8798,-1.2022,-1.9199,-0.9937,0.0212,-0.3264,-2.8816,-1.7983,-1.0563
ATGtrpo393.txt_sp|P0CO55|ATG8_CRYNB,-1.0873,-1.1429,-1.4444,-1.5397,-2.6667,-0.8254,-0.7937,-2.5397,-1.5873,-1.5,-1.5794,-0.754,-1.0635,-1.8254,-1.9286,-0.7857,-1.0397,-3.1667,-1.5873,-1.1349
ATGtrpo393.txt_sp|I1RW37|ATG13_GIBZE,-0.3991,-0.7681,-0.6785,-1.0291,-2.4887,-0.5674,-0.7864,-1.1672,-1.0777,-1.6688,-1.6041,-0.8188,-1.4401,-2.2373,-0.123,0.7152,0.1165,-3.0345,-1.9978,-1.2611
ATGtrpo393.txt_sp|Q4X180|ATG15_ASPFU,-0.6846,-1.3785,-1.1031,-1.2231,-2.1554,-0.98,-0.9492,-1.6492,-1.4692,-1.68,-1.5923,-1.1108,-1.4108,-2.0508,-0.7677,0.0738,0.1892,-2.6754,-1.4538,-1.2185
ATGtrpo393.txt_sp|Q6NNP0|ATG16_ARATH,-0.8585,-0.9882,-0.9823,-1.0747,-1.2849,-0.7367,-0.9823,-1.8507,-0.7544,-1.4086,-1.1022,-0.7682,-1.3477,-1.6169,-2.1336,-0.0629,-0.4872,-2.2043,-1.5422,-1.0255
ATGtrpo393.txt_sp|Q0CXU6|ATG15_ASPTN,-0.6542,-1.3246,-1.0179,-1.1941,-2.0522,-0.9184,-0.9869,-1.5383,-1.4192,-1.633,-1.5449,-1.0098,-1.2855,-1.9674,-1.0506,-0.0685,0.1175,-2.4731,-1.4323,-1.1827
ATGtrpo393.txt_sp|Q4WVD0|ATG18_ASPFU,-0.9564,-1.1697,-0.8555,-0.9771,-1.1055,-1.1904,-1.4977,-1.4564,-0.945,-1.1697,-1.25,-1.039,-1.4312,-1.4977,-1.9908,0.1468,-0.3486,-2.2156,-1.5665,-0.9518
ATGtrpo393.txt_sp|Q06671|ATG23_YEAST,-0.7572,-0.6049,-0.4636,-0.7947,-2.3819,-0.0618,-0.0132,-1.9426,-1.1413,-1.1898,-0.9558,-0.0817,-0.9272,-2.0331,-1.7594,-0.1567,-0.5916,-2.7704,-1.7351,-1.181
ATGtrpo393.txt_sp|Q6BU30|ATG12_DEBHA,-0.6405,-1.3072,-0.9085,-1.2614,-2.1895,-0.5098,-0.9608,-1.8431,-1.5425,-1.2353,-1.268,-0.8562,-1.0654,-1.9216,-1.4575,-0.2092,-0.4641,-2.9935,-1.9608,-1.0196
ATGtrpo393.txt_sp|Q6FWS7|ATG10_CANGA,-0.9623,-1.2138,-1.283,-1.3648,-2.1006,-0.8176,-1.0755,-2.3459,-1.2704,-0.9811,-0.6101,-1.1635,-0.6667,-1.2767,-1.7673,-0.7044,-0.4654,-2.1509,-0.9245,-0.7799
ATGtrpo393.txt_sp|Q5AW93|AT221_EMENI,-0.5612,-1.7007,-1.5323,-1.9235,-2.1905,-1.3537,-1.5969,-1.4983,-1.7534,-0.5204,-0.6344,-1.5204,-0.8163,-0.9643,-1.8095,-0.3946,-0.619,-2.1599,-1.1718,-0.5935
ATGtrpo393.txt_sp|Q6FXH5|ATG33_CANGA,-0.0278,-1.2731,-1.0926,-1.4167,-1.6204,-0.912,-0.9213,-1.1991,-1.4352,-0.9769,-0.9074,-0.8565,-0.8056,-1.5648,-1.3148,-0.1157,-0.1296,-2.3194,-1.2778,-0.5417
ATGtrpo393.txt_sp|A7THN6|ATG33_VANPO,-0.2304,-1.5539,-1.1176,-1.6667,-1.5686,-1.1275,-1.2647,-1.3333,-1.4657,-0.9608,-0.8873,-1.0294,-0.8578,-1.5294,-1.2745,-0.201,-0.2206,-2.4216,-1.3039,-0.7304
ATGtrpo393.txt_sp|C7GRY1|ATG33_YEAS2,-0.1117,-1.4467,-1.1726,-1.6294,-1.599,-0.9949,-1.1624,-1.2386,-1.4365,-1.0508,-1.0355,-1.132,-0.8122,-1.5025,-1.2741,-0.1421,-0.198,-2.5482,-1.2944,-0.6294
ATGtrpo393.txt_sp|Q0V1P1|AT151_PHANO,-0.6902,-1.1414,-0.9276,-1.2828,-2.0758,-0.8721,-0.9966,-1.6027,-1.2744,-1.537,-1.4478,-0.9461,-1.1515,-1.9175,-1.5084,-0.303,-0.3013,-2.4764,-1.4343,-1.2088
ATGtrpo393.txt_sp|Q0CRF3|ATG5_ASPTN,-1.0444,-1.2381,-1.2159,-1.4667,-2.181,-0.873,-1.1302,-1.9048,-1.5302,-0.8571,-0.8381,-1.1333,-1.0095,-1.5492,-1.219,-0.6825,-0.7905,-2.4,-1.3905,-0.8667
ATGtrpo393.txt_sp|J5JH39|ATG5_BEAB2,-0.9108,-1.3271,-1.2825,-1.6357,-2.2156,-0.9628,-1.2788,-2.0186,-1.4498,-0.9777,-0.8067,-1.119,-0.9405,-1.5242,-1.0967,-0.6877,-0.7881,-2.3271,-1.2677,-0.9591
ATGtrpo393.txt_sp|Q86ZL5|ATG4_PODAS,-0.714,-1.292,-1.186,-1.238,-1.96,-0.888,-1.044,-1.66,-1.5,-1.462,-1.396,-1.07,-1.342,-1.762,-1.498,-0.326,-0.536,-2.56,-1.6,-1.276
ATGtrpo393.txt_sp|A7F045|ATG4_SCLS1,-0.8474,-1.3713,-1.1595,-1.1526,-1.9909,-0.9203,-1.0023,-1.6856,-1.4328,-1.3964,-1.3417,-1.1481,-1.3804,-1.615,-1.5695,-0.4829,-0.6674,-2.5444,-1.5376,-1.328
ATGtrpo393.txt_sp|A1CJ08|ATG4_ASPCL,-0.9475,-1.41,-1.335,-1.26,-1.9675,-1.005,-1.0675,-1.8575,-1.49,-1.4575,-1.37,-1.145,-1.4,-1.59,-1.7125,-0.5925,-0.8475,-2.68,-1.58,-1.365
ATGtrpo393.txt_sp|Q08DY8|ATG13_BOVIN,-0.7312,-1.1042,-0.8458,-1.0208,-2.0979,-0.6396,-0.6125,-1.6938,-1.2292,-1.2875,-1.2542,-0.7562,-1.0063,-1.7896,-1.2375,-0.0958,-0.3625,-2.6812,-1.5063,-1.0312
ATGtrpo393.txt_sp|Q1DKJ3|ATG18_COCIM,-0.9904,-1.3573,-0.8753,-1.1223,-1.3789,-1.1631,-1.4532,-1.5516,-1.0144,-1.2758,-1.3573,-1.0096,-1.5204,-1.506,-2.1487,0.0624,-0.3549,-2.4796,-1.6811,-1.0024
ATGtrpo393.txt_sp|I1RFS8|ATG16_GIBZE,-0.4747,-0.197,-0.6515,-0.7525,-3.0152,0.4646,0.399,-2.2929,-1.6869,-1.6919,-1.0556,0.1414,-1.2374,-2.7172,-2.4495,-0.3838,-0.7222,-3.4848,-2.2172,-1.6465
ATGtrpo393.txt_sp|A5DHI9|ATG18_PICGU,-0.8257,-1.0387,-0.7113,-0.8116,-1.1479,-0.8785,-1.1549,-1.2835,-0.618,-1.0229,-1.1496,-0.8556,-1.3275,-1.4965,-1.5739,0.1972,-0.2694,-1.5546,-1.4472,-0.8081
ATGtrpo393.txt_sp|Q8X1F5|ATG18_PICPA,-0.8564,-1.0976,-0.7127,-0.8269,-1.4365,-0.9153,-1.1179,-1.302,-0.7993,-1.2578,-1.1897,-0.8858,-1.2873,-1.5506,-1.639,0.2247,-0.2394,-2.011,-1.5599,-0.9448
ATGtrpo393.txt_sp|Q52EB3|ATG1_MAGO7,-0.7037,-0.6813,-0.945,-1.1904,-2.1843,-0.5305,-0.7363,-1.6558,-1.1426,-1.4073,-1.0916,-0.7322,-1.1059,-1.9145,-1.0489,-0.0601,-0.6273,-2.9898,-1.7169,-1.223
ATGtrpo393.txt_sp|Q5AI22|ATG21_CANAL,-0.8847,-1.2287,-0.6654,-0.9414,-1.5728,-1.0208,-1.2042,-1.2779,-0.9282,-1.0019,-1.1304,-0.8582,-1.4556,-1.5425,-1.482,0.1531,-0.2873,-2.2174,-1.5803,-0.8771
ATGtrpo393.txt_sp|P87248|ATG1_COLLN,-0.7793,-0.5926,-1.1007,-1.363,-2.0089,-0.64,-0.7052,-1.8385,-1.2178,-1.3437,-1.0519,-0.597,-0.9659,-1.7881,-1.0919,-0.1926,-0.6326,-2.9452,-1.7096,-1.2578
ATGtrpo393.txt_sp|Q09812|ATG22_SCHPO,-0.6106,-1.8374,-1.7032,-2.2136,-2.2476,-1.569,-1.8488,-1.6635,-1.8922,-0.5709,-0.6314,-1.7146,-0.8431,-0.949,-1.9887,-0.4896,-0.6805,-2.1361,-1.1588,-0.5784
ATGtrpo393.txt_sp|Q1E8C2|ATG12_COCIM,-0.5824,-1.1154,-0.8956,-1.2527,-2.2857,-0.467,-0.6978,-1.6703,-1.5934,-1.4286,-1.3516,-0.8077,-1.2582,-2.1374,-1.044,0.022,-0.3516,-3.0275,-2.0165,-1.1484
ATGtrpo393.txt_sp|A5DEX5|ATG9_PICGU,-1.0458,-1.1968,-0.9196,-1.4344,-2.5087,-0.8478,-1.1101,-1.9691,-1.2525,-1.2129,-1.0743,-1.0235,-0.9567,-1.3144,-1.8082,-0.6262,-0.8057,-2.4542,-1.1918,-1.1881
ATGtrpo393.txt_sp|Q753M9|ATG32_ASHGO,-0.6173,-1.0199,-1.0642,-1.3717,-1.823,-0.6305,-0.7898,-1.7257,-1.208,-1.2743,-1.177,-0.7279,-0.7434,-1.6969,-1.3982,-0.2434,-0.4071,-2.4779,-1.4425,-0.9447
ATGtrpo393.txt_sp|Q0U388|ATG3_PHANO,-0.9771,-1.4429,-1.1143,-0.5171,-2.6286,-0.9771,-0.3771,-1.78,-1.4857,-1.4857,-1.5314,-0.9,-1.2571,-2.0657,-1.6571,-0.7114,-0.6743,-2.7971,-1.72,-1.14
ATGtrpo393.txt_sp|A5DIV5|BECN1_PICGU,-0.885,-0.757,-0.846,-0.9913,-2.5965,-0.1822,-0.102,-2.2169,-1.5445,-1.3861,-0.9588,-0.1779,-1.0304,-1.9718,-2.256,-0.6117,-0.885,-2.961,-1.7289,-1.4078
ATGtrpo393.txt_sp|I1S8Q3|ATG26_GIBZE,-0.6376,-0.7436,-0.939,-0.9155,-2.483,-0.6868,-0.5385,-1.6001,-1.2585,-1.4491,-1.2446,-0.6085,-1.1344,-1.6584,-1.3091,-0.1033,-0.6022,-2.6708,-1.5918,-1.1913
ATGtrpo393.txt_sp|Q6CUD5|ATG12_KLULA,-0.619,-1.0794,-0.7302,-1.2275,-2.1481,-0.2804,-0.4974,-1.6455,-1.4233,-1.2804,-1.2063,-0.7037,-1.1429,-1.9947,-1.291,0.0635,-0.254,-2.8307,-1.8307,-1.0212
ATGtrpo393.txt_sp|Q86CR6|ATG12_DICDI,-0.9839,-1.2903,-0.9274,-1.5161,-2.4839,-0.4919,-0.8387,-2.2419,-1.7339,-1.2742,-1.3065,-0.7903,-1.3468,-1.9597,-1.5323,-0.3952,-0.6048,-3.129,-1.9435,-1.0565
ATGtrpo393.txt_sp|Q6CTU8|ATG29_KLULA,-0.7857,-0.7532,-0.3961,-0.8896,-2.2987,-0.2727,-0.461,-1.7597,-1.2273,-1.5519,-1.5065,-0.4091,-0.9675,-1.9935,-1.5519,-0.1169,-0.3571,-2.5909,-1.6169,-1.2468
ATGtrpo393.txt_sp|A1CUF9|ATG2_ASPCL,-0.619,-1.2032,-1.0338,-0.9094,-2.4843,-0.7255,-0.7109,-1.5842,-1.4491,-1.3247,-1.244,-0.923,-1.2412,-1.9686,-0.9324,0.0183,-0.2975,-2.9784,-1.9057,-1.0887
ATGtrpo393.txt_sp|Q6BM18|ATG27_DEBHA,-0.8191,-1.4326,-0.8156,-1.156,-2.3156,-0.9858,-0.9433,-1.3652,-1.6915,-1.3617,-1.3688,-0.6241,-1.3262,-1.7128,-1.8227,-0.3972,-0.5532,-2.5461,-1.5887,-1.0887
ATGtrpo393.txt_sp|Q6C4Y4|ATG16_YARLI,-0.7979,-0.383,-0.3298,-0.8085,-2.9894,0.2021,0.1915,-2.4787,-1.2766,-1.6915,-1.0851,-0.0851,-0.9468,-2.5532,-2.5745,-0.6702,-0.734,-3.3191,-2.1809,-1.5426
ATGtrpo393.txt_sp|Q6BLM0|ATG15_DEBHA,-0.6569,-1.1707,-0.9447,-1.078,-2.0146,-0.8423,-0.8959,-1.4667,-1.252,-1.4878,-1.4358,-0.8862,-1.1756,-1.8114,-1.3675,-0.3138,-0.4358,-2.2569,-1.3382,-1.1707
ATGtrpo393.txt_sp|A7TTE2|ATG13_VANPO,-0.8257,-0.9648,-0.4205,-1.0382,-2.6713,-0.6422,-0.87,-1.7752,-1.0703,-1.4648,-1.4786,-0.7875,-1.3211,-2.0581,-0.9358,0.367,-0.3379,-3.107,-1.6743,-1.4327
ATGtrpo393.txt_sp|A7KAJ8|ATG13_PICAN,-0.7775,-0.9757,-0.5435,-1.1755,-2.6177,-0.6805,-0.9729,-1.525,-1.0599,-1.485,-1.3267,-0.9044,-1.2953,-2.0884,-0.8859,0.622,-0.1084,-3.1213,-1.7989,-1.3566
ATGtrpo393.txt_sp|A7KAJ9|ATG15_PICAN,-0.7276,-1.3713,-1.0989,-1.2854,-2.1754,-0.9963,-1.0896,-1.6884,-1.4646,-1.5634,-1.5261,-1.1138,-1.2034,-1.9422,-1.7183,-0.4739,-0.5037,-2.4254,-1.4627,-1.1772
ATGtrpo393.txt_sp|A5DC90|ATG15_PICGU,-0.6731,-1.1855,-1.0053,-1.0601,-2.1378,-0.8551,-0.9046,-1.5442,-1.2739,-1.4488,-1.4099,-0.8834,-1.1608,-1.8622,-1.477,-0.3852,-0.4488,-2.3304,-1.4134,-1.1449
ATGtrpo393.txt_sp|O42862|ATG14_SCHPO,-0.7641,-0.7462,-0.841,-1.1462,-1.8974,-0.341,-0.4231,-1.9692,-1.1,-1.2846,-0.8923,-0.4462,-0.5744,-1.5077,-1.5641,-0.2128,-0.4615,-2.2564,-1.1026,-1.0846
ATGtrpo393.txt_sp|Q75F47|ATG18_ASHGO,-0.8659,-1.1415,-0.7561,-0.8939,-1.2793,-1.0223,-1.257,-1.3594,-0.9143,-1.0987,-1.1695,-0.9069,-1.4451,-1.514,-1.6462,0.2123,-0.2775,-2.0223,-1.54,-0.8771
ATGtrpo393.txt_sp|A6RYB8|ATG1_BOTFB,-0.75,-0.7174,-0.9317,-1.2153,-2.1166,-0.5767,-0.6723,-1.7721,-1.1639,-1.3141,-1.0536,-0.6565,-1.0746,-1.8025,-1.1565,-0.0662,-0.6218,-2.9118,-1.6618,-1.145
ATGtrpo393.txt_sp|A1C7E5|ATG17_ASPCL,-0.5961,-0.8384,-0.7953,-0.8115,-2.456,-0.307,-0.2118,-1.7612,-1.1329,-1.2531,-1.0072,-0.5637,-1.0197,-1.9246,-1.7361,-0.4829,-0.5637,-2.763,-1.5763,-1.0395
ATGtrpo393.txt_sp|Q4WHN5|ATG13_ASPFU,-0.3643,-0.8789,-0.6597,-1.1253,-2.548,-0.5344,-0.8737,-1.0835,-1.0898,-1.6117,-1.5084,-0.8424,-1.3622,-2.0678,-0.2516,0.6545,0.0762,-2.9562,-1.763,-1.2422
ATGtrpo393.txt_sp|Q4WY31|ATG11_ASPFU,-0.568,-0.1828,-0.4138,-0.6614,-2.8323,0.7049,1.0403,-2.5206,-1.1297,-1.371,-0.5839,0.6321,-0.9256,-2.5222,-2.7587,-0.2729,-0.6416,-3.4027,-2.1638,-1.4335
ATGtrpo393.txt_sp|Q756G8|ATG7_ASHGO,-0.7712,-1.3024,-1.0832,-1.2944,-2.0992,-0.8976,-0.952,-1.744,-1.5488,-1.1136,-1.0016,-0.9568,-1.1552,-1.4656,-1.7056,-0.5216,-0.6864,-2.5792,-1.4768,-0.9712
ATGtrpo393.txt_sp|W0T3G1|ATG31_KLUMD,-1.0791,-1.1151,-0.5612,-0.3525,-2.4317,-0.4388,-0.4245,-1.9424,-1.2734,-1.2734,-1.1223,-0.8201,-0.8129,-1.8921,-1.7698,-0.518,-0.5971,-2.6331,-1.5468,-1.1367
ATGtrpo393.txt_sp|Q0CL24|AT222_ASPTN,-0.5482,-1.7056,-1.4873,-1.9425,-2.2301,-1.3892,-1.577,-1.555,-1.8257,-0.5499,-0.6768,-1.5313,-0.8376,-0.9746,-1.819,-0.4044,-0.6227,-2.1827,-1.2149,-0.6159
ATGtrpo393.txt_sp|Q1E891|ATG13_COCIM,-0.3265,-0.8531,-0.6735,-0.9765,-2.4755,-0.5949,-0.7827,-1.2194,-0.9612,-1.6235,-1.6194,-0.8408,-1.4908,-2.1316,-0.2296,0.8571,0.1571,-2.9694,-1.8041,-1.3041
ATGtrpo393.txt_sp|P0CO60|ATG15_CRYNJ,-0.6188,-1.1762,-0.9636,-1.0441,-2.1686,-0.8621,-0.8659,-1.3621,-1.272,-1.5134,-1.4674,-0.9789,-1.1379,-1.7931,-1.4981,-0.4464,-0.5556,-2.1513,-1.3467,-1.1398
ATGtrpo393.txt_sp|Q4PHZ2|ATG15_USTMA,-0.6306,-1.2186,-0.9845,-1.0967,-2.1934,-0.8549,-0.9284,-1.4894,-1.352,-1.5222,-1.4313,-0.9787,-1.1199,-1.8859,-1.677,-0.3965,-0.5145,-2.3888,-1.4236,-1.2108
ATGtrpo393.txt_sp|A7TPY4|ATG18_VANPO,-0.8853,-1.2903,-0.6254,-0.8907,-1.353,-0.8172,-1.2778,-1.267,-0.776,-0.9713,-1.0968,-0.9247,-1.4391,-1.4803,-1.7043,0.1792,-0.3226,-1.7276,-1.4803,-0.7706
ATGtrpo393.txt_sp|I1RKA1|ATG18_GIBZE,-0.902,-1.2658,-0.7538,-0.9717,-1.4118,-1.0697,-1.2963,-1.4009,-0.9542,-1.2244,-1.2789,-0.963,-1.4684,-1.6013,-1.8845,0.1656,-0.3246,-2.4031,-1.6645,-0.9216
ATGtrpo393.txt_sp|Q1DN93|ATG1_COCIM,-0.6388,-0.6636,-0.9216,-1.1589,-2.0764,-0.5377,-0.6522,-1.7007,-1.1806,-1.3437,-1.0392,-0.6481,-1.0423,-1.903,-0.9381,-0.0743,-0.5346,-2.8566,-1.6791,-1.1569
ATGtrpo393.txt_sp|Q4WPF2|ATG1_ASPFU,-0.6403,-0.6228,-0.8674,-1.0987,-2.149,-0.5015,-0.6064,-1.631,-1.1336,-1.3464,-1.0832,-0.6763,-1.0164,-1.8428,-1.0021,-0.0668,-0.592,-2.7318,-1.5961,-1.1316
ATGtrpo393.txt_sp|Q8TFN2|ATG1_PICAN,-0.8134,-0.9391,-1.1716,-1.3706,-2.2948,-0.7226,-0.7935,-1.9988,-1.3806,-1.3806,-1.1517,-0.7823,-1.1318,-1.9415,-1.4303,-0.2886,-0.7363,-3.1517,-1.8408,-1.2512
ATGtrpo393.txt_sp|A0A0E0RMV2|ATG10_GIBZE,-0.6851,-1.1787,-1.0936,-1.2383,-1.7702,-0.7745,-0.7362,-1.6809,-1.1617,-1.3021,-1.1149,-0.9532,-0.8298,-1.4255,-1.4596,-0.583,-0.6936,-2.1872,-1.2085,-1.0213
ATGtrpo393.txt_sp|P0CM41|ATG9_CRYNB,-0.8271,-1.0922,-1.041,-1.4323,-2.2457,-0.8123,-0.975,-1.6246,-1.1627,-1.1752,-1.0683,-0.9465,-0.909,-1.2537,-1.7224,-0.6268,-0.7565,-2.2082,-1.1365,-1.0887
ATGtrpo393.txt_sp|G2XNY3|ATG3_BOTF4,-0.9532,-1.3223,-0.9559,-0.4325,-2.5234,-0.9201,-0.3085,-1.6915,-1.3223,-1.427,-1.4738,-0.8044,-1.2342,-1.9477,-1.5565,-0.6474,-0.6336,-2.7135,-1.686,-1.1157
ATGtrpo393.txt_sp|A5DZ34|ATG27_LODEL,-0.7831,-1.5147,-0.761,-1.0441,-2.4044,-1.0625,-0.9816,-1.3897,-1.8125,-1.3566,-1.4154,-0.6066,-1.3603,-1.739,-1.8934,-0.3272,-0.5772,-2.6029,-1.6985,-1.0699
ATGtrpo393.txt_sp|I1RX50|ATG3_GIBZE,-0.9484,-1.4011,-1.0888,-0.5759,-2.5702,-0.9513,-0.3754,-1.7135,-1.4069,-1.447,-1.5473,-0.8911,-1.2722,-1.9771,-1.6476,-0.7135,-0.6017,-2.7937,-1.7049,-1.1748
ATGtrpo393.txt_sp|Q8GUL1|AT18G_ARATH,-0.6705,-1.0824,-0.5829,-0.9896,-1.7143,-0.6966,-0.806,-1.4286,-1.0167,-1.2576,-1.2075,-0.7122,-1.0928,-1.683,-1.4599,0.0813,-0.2815,-2.3379,-1.5026,-0.9802
ATGtrpo393.txt_sp|Q68EP9|ATG4C_XENTR,-0.8844,-1.2578,-1.34,-1.2356,-1.9667,-1.0111,-0.9911,-1.7622,-1.52,-1.4956,-1.2422,-1.0867,-1.3289,-1.5222,-1.6733,-0.4733,-0.7711,-2.4533,-1.4444,-1.3311
ATGtrpo393.txt_sp|Q755K1|ATG3_ASHGO,-0.9539,-1.4043,-1.1738,-0.8582,-2.5851,-0.805,-0.5922,-1.9043,-1.3617,-1.4787,-1.5496,-0.9255,-1.1631,-1.8333,-1.5993,-0.7128,-0.7128,-2.766,-1.6277,-1.156
ATGtrpo393.txt_sp|A2QY50|ATG4_ASPNC,-0.9728,-1.3663,-1.2129,-1.2228,-2.0347,-1.0124,-1.0594,-1.7054,-1.5272,-1.4109,-1.302,-1.1262,-1.3738,-1.6337,-1.6782,-0.5693,-0.7599,-2.6832,-1.6213,-1.302
ATGtrpo393.txt_sp|Q6CQ60|ATG4_KLULA,-0.9422,-1.3556,-1.2289,-1.1156,-1.8378,-0.9044,-0.9778,-1.7556,-1.5311,-1.3867,-1.2889,-1.1111,-1.3489,-1.6356,-1.68,-0.5356,-0.7578,-2.68,-1.5644,-1.2689
ATGtrpo393.txt_sp|Q640G7|ATG4B_XENLA,-0.987,-1.4844,-1.3281,-1.2474,-2.0885,-1.1068,-1.013,-1.8854,-1.625,-1.4974,-1.2891,-1.2135,-1.3385,-1.6172,-1.8411,-0.5703,-0.8464,-2.7344,-1.526,-1.3672
ATGtrpo393.txt_sp|A7KAL2|ATG1_PENRW,-0.6688,-0.7323,-0.9073,-1.1521,-2.1146,-0.5438,-0.6781,-1.6854,-1.1979,-1.3823,-1.124,-0.7073,-1.0802,-1.8979,-1.0656,-0.1052,-0.5958,-2.8615,-1.6875,-1.1906
ATGtrpo393.txt_sp|Q9USM8|ATG20_SCHPO,-0.9438,-0.7322,-0.5487,-0.9176,-2.8446,-0.4532,-0.2921,-2.1723,-1.2154,-1.0131,-0.9082,-0.2678,-1.2416,-1.7022,-1.839,-0.2416,-0.7341,-3.0243,-1.5974,-1.1816
ATGtrpo393.txt_sp|Q6JUT9|ATG25_PICAN,-0.7917,-0.5339,-0.4948,-0.9245,-2.3516,-0.1016,-0.151,-2.0234,-1.0469,-1.3672,-1.1198,-0.0417,-0.6641,-1.7292,-1.6719,-0.2995,-0.5938,-2.5286,-1.3281,-1.1536
ATGtrpo393.txt_sp|Q755X2|ATG8_ASHGO,-1.1667,-1.1083,-1.525,-1.4167,-2.6333,-0.7333,-0.6417,-2.4667,-1.5333,-1.525,-1.625,-0.7417,-1.2083,-1.7667,-1.8917,-0.75,-1,-3.0833,-1.6083,-1.2667
ATGtrpo393.txt_sp|A7KAI7|ATG9_PICAN,-1.0517,-1.1192,-0.7728,-1.2531,-2.739,-0.8043,-1.0281,-1.8583,-1.2373,-1.3465,-1.1834,-1.0011,-1.135,-1.4443,-1.7053,-0.5017,-0.8099,-2.6918,-1.3071,-1.3341
ATGtrpo393.txt_sp|A7KAL3|ATG2_PENRW,-0.6358,-1.1697,-1.0153,-0.9304,-2.4895,-0.6549,-0.6578,-1.6335,-1.4385,-1.2788,-1.2374,-0.8704,-1.1811,-1.9185,-1.0867,-0.0439,-0.316,-2.9271,-1.8527,-1.0648
ATGtrpo393.txt_sp|Q55EL2|ATG10_DICDI,-1.0174,-1.2304,-0.413,-0.7696,-2.2652,-0.7304,-0.713,-1.9304,-1.1,-1.1565,-1.2565,-0.6522,-0.9261,-1.4957,-1.4957,-0.5696,-0.6217,-2.413,-1.2609,-1.2261
ATGtrpo393.txt_sp|A7TM79|ATG2_VANPO,-0.9061,-1.1845,-0.7471,-0.9987,-2.3378,-0.7701,-0.7989,-1.857,-1.5077,-0.9285,-1.0262,-0.6967,-0.961,-1.5996,-1.8129,-0.2573,-0.5057,-2.9323,-1.6098,-0.9023
ATGtrpo393.txt_sp|Q6FRR4|ATG32_CANGA,-0.6545,-0.9207,-0.7419,-1.1789,-2.065,-0.4106,-0.5427,-1.5772,-1.2114,-1.3394,-1.2785,-0.5772,-0.8862,-1.7053,-1.5203,-0.0285,-0.2866,-2.4146,-1.3598,-1.0793
ATGtrpo393.txt_sp|A7KAN0|AT222_PENRW,-0.5173,-1.6656,-1.4992,-1.8847,-2.1746,-1.3443,-1.547,-1.5091,-1.7562,-0.6442,-0.6722,-1.5206,-0.8649,-1.0132,-1.7842,-0.3526,-0.6244,-2.1977,-1.1516,-0.6079
ATGtrpo393.txt_sp|Q6CXQ8|ATG27_KLULA,-0.8035,-1.3649,-0.6842,-0.9544,-2.3263,-0.9404,-0.8807,-1.2561,-1.6596,-1.3789,-1.3965,-0.5158,-1.2737,-1.6982,-1.8246,-0.4035,-0.5474,-2.4561,-1.6281,-1.0596
ATGtrpo393.txt_sp|Q9W3R7|ATG5_DROME,-1.2305,-1.3123,-1.2454,-1.513,-2.3011,-1.1041,-1.1896,-2.1822,-1.5725,-0.974,-1.0558,-1.1561,-1.1524,-1.6245,-1.3271,-0.8364,-0.881,-2.5428,-1.5316,-1.0818
ATGtrpo393.txt_sp|Q2HH40|ATG4_CHAGB,-0.7589,-1.4263,-1.2411,-1.1964,-1.9643,-0.9911,-1.0357,-1.6362,-1.5,-1.3348,-1.3638,-1.1853,-1.3795,-1.6674,-1.5938,-0.3929,-0.6875,-2.5915,-1.5156,-1.2388
ATGtrpo393.txt_sp|Q6FJZ6|ATG5_CANGA,-1.1741,-1.363,-1.3741,-1.5963,-2.4259,-1.0185,-1.2963,-2.1556,-1.4741,-0.9,-0.7852,-1.2185,-1.0667,-1.5185,-1.2852,-0.7926,-0.8444,-2.5111,-1.4296,-1.0296
ATGtrpo393.txt_sp|Q2XPP4|ATG4B_ORYSI,-0.8598,-1.3494,-1.2259,-1.2552,-1.9582,-1.0084,-0.9623,-1.7594,-1.4289,-1.5858,-1.4017,-1.0628,-1.3682,-1.6381,-1.6925,-0.295,-0.7343,-2.5732,-1.5669,-1.3933
ATGtrpo393.txt_sp|Q75BY9|ATG5_ASHGO,-1.0956,-1.3788,-1.3242,-1.4744,-2.3038,-1.0341,-1.2526,-2.1024,-1.5973,-0.9454,-0.8874,-1.2014,-1.0068,-1.5358,-1.3276,-0.7918,-0.8328,-2.4812,-1.5017,-0.9078
ATGtrpo393.txt_sp|W0T6B6|ATG14_KLUMD,-1.0557,-0.8656,-1.0262,-1.2885,-2.1672,-0.4689,-0.918,-2.3082,-1.3082,-0.8754,-0.8131,-0.6098,-0.7377,-1.7541,-2.0328,-0.7213,-0.8295,-2.6492,-1.3344,-0.9836
ATGtrpo393.txt_sp|A6SJ85|ATG18_BOTFB,-0.9885,-1.1959,-0.8664,-1.0092,-1.2558,-1.053,-1.3825,-1.4724,-0.7926,-1.1406,-1.2811,-1,-1.447,-1.5253,-2.0346,0.1336,-0.3272,-2.2373,-1.4977,-0.9424
ATGtrpo393.txt_sp|A6REI4|ATG15_AJECN,-0.7282,-1.4051,-1.2103,-1.2906,-2.106,-1.0957,-1.041,-1.7624,-1.5932,-1.7402,-1.6906,-1.1265,-1.4786,-2.188,-0.9179,-0.0752,0.1299,-2.6889,-1.4632,-1.1932
ATGtrpo393.txt_sp|A3LV34|ATG15_PICST,-0.6736,-1.1545,-0.9968,-1.0127,-2.1003,-0.8392,-0.9013,-1.492,-1.2548,-1.4379,-1.3917,-0.8551,-1.1592,-1.8041,-1.457,-0.3248,-0.4172,-2.2516,-1.3615,-1.1401
ATGtrpo393.txt_sp|Q6BIL4|ATG18_DEBHA,-0.8221,-1.153,-0.6548,-0.9004,-1.2972,-0.952,-1.2171,-1.2954,-0.8612,-1.2206,-1.1797,-0.7883,-1.2936,-1.5142,-1.6868,0.1584,-0.2633,-1.9181,-1.4822,-0.927
ATGtrpo393.txt_sp|P0CM33|ATG22_CRYNB,-0.489,-1.6502,-1.5568,-1.9817,-2.0916,-1.3242,-1.544,-1.6081,-1.7454,-0.6832,-0.7051,-1.4634,-0.815,-1.011,-1.826,-0.3938,-0.5806,-2.1502,-1.1337,-0.6264
ATGtrpo393.txt_sp|Q6CWA7|ATG23_KLULA,-0.8192,-0.7183,-0.6784,-0.9038,-2.507,-0.2653,-0.3005,-2.0376,-1.2606,-1.3826,-1.1056,-0.284,-0.9789,-2.0516,-1.9718,-0.2347,-0.6103,-2.8521,-1.7136,-1.2371
ATGtrpo393.txt_sp|A7TL57|ATG11_VANPO,-0.6678,-0.3585,-0.3987,-0.6998,-3.0328,0.5193,0.8704,-2.4938,-1.2666,-1.3331,-0.5677,0.4003,-1.0164,-2.4307,-2.7654,-0.3511,-0.7194,-3.4561,-2.1764,-1.4028
ATGtrpo393.txt_sp|Q5AKU4|ATG12_CANAL,-0.7561,-1.0732,-0.7805,-1.0488,-2.2866,-0.4329,-0.7012,-1.8232,-1.5122,-1.1585,-1.3537,-0.7012,-1.1829,-2.0549,-1.7866,-0.0549,-0.3963,-2.9329,-1.8598,-1.0366
ATGtrpo393.txt_sp|P87068|ATG8_LACBI,-0.962,-1.2446,-1.4402,-1.5272,-2.3207,-0.9293,-0.9293,-2.3533,-1.4837,-1.2011,-1.2717,-0.8098,-0.8696,-1.6087,-1.8641,-0.7446,-0.9402,-2.7609,-1.4185,-0.9891
ATGtrpo393.txt_sp|A0A098DT87|ATG28_GIBZE,-0.4752,-0.2136,-0.6641,-0.6269,-2.5325,0.1997,0.3885,-1.7755,-1.1656,-1.709,-1.2368,0.0139,-0.9737,-2.2833,-1.6207,-0.1889,-0.5573,-2.8669,-1.839,-1.4087
ATGtrpo393.txt_sp|I1RAL7|ATG33_GIBZE,0.1162,-1.4242,-1.303,-1.6616,-1.6717,-1.1162,-1.101,-1.2121,-1.601,-1.0152,-0.8081,-1.1313,-0.7929,-1.6364,-1.0758,0.0455,-0.0909,-2.4545,-1.3939,-0.6111
ATGtrpo393.txt_sp|W0TA05|ATG7_KLUMD,-0.8333,-1.3053,-1.132,-1.3762,-2.1089,-1.0017,-1.0132,-1.8284,-1.6386,-1.2096,-1,-0.9967,-1.1617,-1.5578,-1.7706,-0.5429,-0.7294,-2.7508,-1.5215,-1.0132
ATGtrpo393.txt_sp|Q5B6U6|ATG9_EMENI,-0.8122,-0.9915,-1.0195,-1.2756,-2.6024,-0.8402,-1.05,-1.6073,-1.2159,-1.4183,-1.2732,-1.1012,-1.078,-1.6549,-1.6183,-0.4585,-0.7939,-2.6378,-1.4037,-1.3268
ATGtrpo393.txt_sp|F4J8V5|AT13B_ARATH,-0.6208,-0.84,-0.6336,-1.0176,-2.0688,-0.696,-0.7424,-1.4736,-1.0208,-1.432,-1.3184,-0.7056,-1.2016,-1.7296,-0.7904,0.1424,-0.3392,-2.568,-1.36,-1.168
ATGtrpo393.txt_sp|F7VSU2|ATG3_SORMK,-0.8439,-1.263,-0.948,-0.6069,-2.4711,-0.7746,-0.4162,-1.6185,-1.2543,-1.4364,-1.4595,-0.7717,-1.1792,-1.9046,-1.4942,-0.578,-0.6185,-2.6618,-1.5723,-1.1676
ATGtrpo393.txt_sp|Q0WWQ1|ATG3_ARATH,-1.0288,-1.4121,-1.0383,-0.4473,-2.6613,-0.9744,-0.4952,-1.869,-1.3546,-1.4537,-1.5783,-1.0351,-1.2812,-1.9936,-1.8722,-0.7604,-0.6038,-2.8722,-1.6454,-1.1597
ATGtrpo393.txt_sp|Q1E5M9|ATG4_COCIM,-0.8056,-1.2847,-1.1875,-1.1875,-1.9861,-0.9097,-0.9769,-1.6852,-1.4051,-1.4329,-1.4398,-1.0185,-1.3681,-1.6759,-1.5556,-0.4491,-0.7361,-2.5648,-1.5741,-1.338
ATGtrpo393.txt_sp|Q6BYP8|ATG4_DEBHA,-0.9187,-1.2602,-1.0467,-1.0671,-2.0854,-0.9411,-0.9004,-1.6626,-1.4675,-1.5691,-1.5081,-0.9837,-1.3902,-1.7236,-1.689,-0.4248,-0.7744,-2.6159,-1.6179,-1.3801
ATGtrpo393.txt_sp|Q68FJ9|ATG4D_XENLA,-0.8337,-1.2303,-1.2367,-1.2601,-1.9893,-0.9147,-0.9531,-1.6716,-1.4861,-1.5288,-1.2942,-1.0149,-1.3326,-1.6461,-1.5672,-0.4264,-0.7143,-2.4499,-1.4989,-1.4158
ATGtrpo393.txt_sp|Q3V5I7|ATG5_CAEEL,-1.2036,-1.3309,-1.36,-1.4764,-2.3164,-1.1127,-1.1891,-2.1927,-1.5491,-0.9673,-0.8982,-1.1927,-1.0727,-1.6691,-1.3018,-0.7491,-0.9055,-2.5018,-1.4618,-1.0327
ATGtrpo393.txt_sp|Q9U1N6|ATG42_CAEEL,-0.7889,-1.167,-1.19,-1.1497,-1.9309,-0.8637,-0.8791,-1.5854,-1.3628,-1.5202,-1.3992,-0.9635,-1.3397,-1.6238,-1.5547,-0.3589,-0.762,-2.4319,-1.4434,-1.3282
ATGtrpo393.txt_sp|Q523C3|ATG4_MAGO7,-0.7088,-1.3442,-1.1527,-1.1059,-1.8554,-0.9145,-1.0061,-1.6069,-1.5031,-1.3686,-1.3483,-1.0916,-1.2912,-1.7434,-1.4929,-0.3544,-0.5438,-2.6354,-1.5703,-1.2811
ATGtrpo393.txt_sp|A0A0E0SC50|ATG12_GIBZE,-0.6312,-1.3313,-0.9812,-1.1062,-2.375,-0.5812,-0.7,-1.8562,-1.6562,-1.35,-1.3625,-0.9125,-1.2312,-2.075,-1.125,-0.1125,-0.4125,-3.1188,-1.9875,-1.0625
ATGtrpo393.txt_sp|P46983|ATG36_YEAST,-0.6382,-0.8123,-0.4505,-0.7747,-1.901,-0.4471,-0.3823,-1.6485,-0.9556,-1.3481,-1.2594,-0.6348,-0.8259,-1.4778,-1.4198,-0.0171,-0.4403,-2.3993,-1.2389,-1.2082
ATGtrpo393.txt_sp|A7TK16|ATG3_VANPO,-1.0063,-1.3679,-1.0943,-0.7233,-2.6226,-0.9277,-0.4623,-1.8491,-1.261,-1.4906,-1.5314,-0.8553,-1.2956,-1.9686,-1.5943,-0.7358,-0.6667,-2.739,-1.6509,-1.2327
ATGtrpo393.txt_sp|A7KAI2|ATG3_PICAN,-1.0265,-1.5457,-1.1209,-0.5723,-2.5782,-1.0354,-0.4631,-1.8348,-1.4248,-1.5251,-1.5516,-0.9617,-1.3038,-2.0442,-1.6844,-0.7876,-0.6637,-2.8466,-1.7168,-1.2006
ATGtrpo393.txt_sp|Q6PFS7|ATG3_DANRE,-1.0852,-1.489,-1.0536,-0.489,-2.6593,-1.082,-0.53,-1.8644,-1.4069,-1.429,-1.5237,-1.0505,-1.224,-1.9558,-1.6909,-0.8013,-0.6782,-2.8991,-1.6593,-1.183
ATGtrpo393.txt_sp|Q6GPU1|ATG4A_XENLA,-1.0403,-1.4458,-1.3778,-1.1889,-2.1511,-1.1008,-1.0655,-1.9219,-1.5416,-1.4761,-1.3275,-1.2217,-1.4534,-1.6222,-1.8161,-0.6171,-0.8539,-2.7204,-1.5919,-1.3627
ATGtrpo393.txt_sp|Q6ZGL4|ATG5_ORYSJ,-0.8868,-1,-0.9816,-1.1211,-1.9895,-0.7184,-0.75,-1.7158,-1.3184,-1.0053,-0.9658,-0.8237,-0.9947,-1.5474,-1.1079,-0.5132,-0.5868,-2.2184,-1.3395,-0.9868
ATGtrpo393.txt_sp|A7TQN1|ATG4_VANPO,-0.8856,-1.3723,-1.2214,-1.2384,-2,-0.9416,-1.0195,-1.7762,-1.5401,-1.4112,-1.3309,-1.1655,-1.3212,-1.6594,-1.7348,-0.5596,-0.871,-2.6229,-1.5791,-1.3431
ATGtrpo393.txt_sp|Q6CH28|ATG4_YARLI,-0.7688,-1.1596,-1.0642,-1.0294,-1.8587,-0.7798,-0.7725,-1.6385,-1.356,-1.3725,-1.3339,-0.9101,-1.2771,-1.6477,-1.4606,-0.3725,-0.644,-2.4881,-1.5119,-1.1945
ATGtrpo393.txt_sp|A3LR68|ATG5_PICST,-1.2021,-1.305,-1.3333,-1.5071,-2.3617,-1.0496,-1.266,-2.1667,-1.5284,-0.9113,-0.9716,-1.1525,-1.1383,-1.578,-1.4752,-0.7979,-0.8262,-2.4645,-1.4504,-0.9929
ATGtrpo393.txt_sp|A7KAK0|ATG16_PICAN,-0.6649,-0.1383,-0.4468,-0.6277,-2.9255,0.5532,0.3723,-2.5053,-1.5745,-1.6223,-0.9894,0.0638,-1.3617,-2.6702,-2.5745,-0.3245,-0.7234,-3.3723,-2.1117,-1.633
ATGtrpo393.txt_sp|Q0U2J8|ATG18_PHANO,-0.9928,-1.1981,-0.8527,-1.0024,-1.0459,-1.1039,-1.3937,-1.4155,-0.7222,-1.1594,-1.1957,-0.9638,-1.3478,-1.5,-2.0193,0.2029,-0.3213,-2.1763,-1.4976,-0.8671
ATGtrpo393.txt_sp|A6QTX7|ATG18_AJECN,-1.0275,-1.2075,-0.8775,-1.0425,-1.365,-1.125,-1.47,-1.445,-0.96,-1.1225,-1.215,-1.0575,-1.4075,-1.4175,-2.005,0.1875,-0.31,-2.245,-1.5625,-0.9225
ATGtrpo393.txt_sp|A7TIN2|ATG16_VANPO,-0.8862,-0.4228,-0.6423,-0.748,-2.878,0.3984,0.3496,-2.4472,-1.2683,-1.6423,-0.9512,-0.3252,-0.9431,-2.6911,-2.6748,-0.9024,-1.0732,-3.4146,-2.122,-1.5935
ATGtrpo393.txt_sp|Q6CLZ2|ATG21_KLULA,-1.074,-1.3648,-0.7577,-1.1148,-1.4898,-1.1913,-1.5204,-1.4362,-1.1913,-1.2092,-1.2551,-0.9872,-1.5255,-1.4949,-1.9388,0.1046,-0.4464,-2.25,-1.7092,-0.9286
ATGtrpo393.txt_sp|A7TIZ4|ATG1_VANPO,-0.6781,-0.7213,-0.8551,-1.0966,-2.165,-0.5443,-0.6549,-1.6549,-1.174,-1.2988,-1.0423,-0.672,-1.0604,-1.7686,-0.9859,-0.1247,-0.5594,-2.8692,-1.6992,-1.1751
ATGtrpo393.txt_sp|Q6BRA6|ATG11_DEBHA,-0.6708,-0.2738,-0.468,-0.6334,-3.1256,0.5959,1.0967,-2.5998,-1.2699,-1.3471,-0.5772,0.6724,-0.9953,-2.5062,-2.9173,-0.3924,-0.7535,-3.6474,-2.2387,-1.4727
ATGtrpo393.txt_sp|I1S0P7|ATG2_GIBZE,-0.5225,-1.0632,-1.0949,-0.9505,-2.5215,-0.6086,-0.539,-1.6205,-1.4601,-1.3717,-1.3048,-0.7429,-1.3112,-2.0545,-0.8249,0.0848,-0.1934,-3.0898,-1.94,-1.0316
ATGtrpo393.txt_sp|Q757Z8|ATG27_ASHGO,-0.8207,-1.4741,-0.9442,-1.3068,-2.3865,-1.0876,-1.004,-1.5578,-1.8088,-1.3506,-1.4223,-0.6693,-1.3466,-1.8008,-2.0717,-0.4542,-0.5777,-2.7092,-1.6534,-1.0319
ATGtrpo393.txt_sp|Q54NA2|ATG18_DICDI,-1.0403,-1.1237,-0.7769,-1.0995,-1.2285,-1.1505,-1.4839,-1.4247,-0.7392,-1.1989,-1.3011,-1.0753,-1.336,-1.5995,-1.9973,0.0645,-0.3065,-2.3602,-1.5565,-0.9328
ATGtrpo393.txt_sp|A3GFE3|ATG18_PICST,-0.7744,-1.1066,-0.7211,-0.8188,-1.3233,-0.881,-1.1545,-1.389,-0.8881,-1.1314,-1.2309,-0.8544,-1.3162,-1.5755,-1.7531,0.1723,-0.2469,-2.0533,-1.5702,-0.9751
ATGtrpo393.txt_sp|Q51Y68|ATG17_MAGO7,-0.4901,-0.7976,-0.8988,-0.8135,-2.6766,-0.244,-0.0774,-1.9484,-1.2679,-1.3254,-0.9841,-0.4563,-1.1409,-2.131,-2.1052,-0.5357,-0.6587,-3.1329,-1.8274,-1.1964
ATGtrpo393.txt_sp|Q5I0B9|ATG16_XENTR,-0.9068,-0.8859,-0.8023,-0.9582,-1.3682,-0.6013,-0.8135,-1.6527,-0.6945,-1.3698,-1.172,-0.664,-1.3714,-1.6013,-2.0016,-0.0096,-0.455,-2.172,-1.5932,-1.0949
ATGtrpo393.txt_sp|Q4P4N1|ATG18_USTMA,-0.9117,-0.9868,-0.8013,-0.8278,-1.1898,-1.0375,-1.3466,-1.3974,-0.6402,-1.2185,-1.2163,-0.9029,-1.4636,-1.4901,-1.8896,0.2384,-0.2053,-1.9272,-1.5033,-0.7947
ATGtrpo393.txt_sp|A7TIP6|ATG20_VANPO,-0.7661,-0.6762,-0.3553,-0.6237,-2.6222,-0.3763,-0.093,-1.6162,-1.1289,-1.1814,-1.063,-0.2864,-1.1859,-1.6102,-1.5922,-0.093,-0.4918,-2.7526,-1.5322,-1.1574
ATGtrpo393.txt_sp|Q6CSX2|ATG1_KLULA,-0.7533,-0.8568,-1.1143,-1.3045,-2.2443,-0.704,-0.7112,-1.8761,-1.3165,-1.4031,-1.1372,-0.7268,-1.0927,-1.9458,-1.3418,-0.2551,-0.6955,-3.0951,-1.9001,-1.2888
ATGtrpo393.txt_sp|A1CFB3|ATG26_ASPCL,-0.6238,-0.7447,-0.9744,-0.9275,-2.5505,-0.702,-0.5754,-1.6885,-1.2895,-1.4666,-1.3307,-0.6081,-1.1565,-1.7169,-1.2553,-0.1031,-0.5896,-2.8023,-1.6885,-1.2347
ATGtrpo393.txt_sp|Q0CLX3|ATG1_ASPTN,-0.6577,-0.6525,-0.9232,-1.2023,-2.0809,-0.5052,-0.6805,-1.6411,-1.1763,-1.3994,-1.1089,-0.6878,-1.0571,-1.8828,-0.9378,-0.0705,-0.5685,-2.8527,-1.638,-1.1483
ATGtrpo393.txt_sp|P0CM30|ATG2_CRYNJ,-0.6351,-1.077,-0.908,-1.0744,-2.2134,-0.753,-0.7147,-1.6708,-1.4248,-1.1282,-1.1251,-0.7726,-0.9721,-1.7183,-1.385,-0.1897,-0.5101,-2.7302,-1.6238,-0.9447
ATGtrpo393.txt_sp|Q5BBK4|ATG13_EMENI,-0.4569,-0.8183,-0.6807,-0.9938,-2.4353,-0.4302,-0.8101,-1.1622,-0.8922,-1.617,-1.5205,-0.7947,-1.3881,-2.0575,-0.4559,0.6797,0.0359,-2.8255,-1.6807,-1.306
ATGtrpo393.txt_sp|Q6FSJ9|ATG13_CANGA,-0.8303,-1.003,-0.45,-1.0045,-2.6076,-0.647,-0.8758,-1.7364,-1.1076,-1.5576,-1.5333,-0.803,-1.3197,-2.0424,-1.0788,0.3803,-0.397,-3.0682,-1.6742,-1.4515
ATGtrpo393.txt_sp|Q6FPD4|ATG17_CANGA,-0.9511,-0.8313,-0.9267,-0.9609,-2.6773,-0.044,-0.1491,-2.3619,-1.3667,-1.3276,-0.9193,-0.4401,-1.1345,-2,-2.4352,-0.8068,-0.7579,-3.044,-1.7311,-1.1809
ATGtrpo393.txt_sp|Q3ZDQ4|ATG1_PODAS,-0.7279,-0.7131,-0.9277,-1.2157,-2.1838,-0.6217,-0.6716,-1.7141,-1.2157,-1.3528,-1.1488,-0.7152,-1.119,-1.8959,-1.1265,-0.0531,-0.6132,-2.9426,-1.7163,-1.1637
ATGtrpo393.txt_sp|A1CHL6|ATG1_ASPCL,-0.6422,-0.68,-0.9203,-1.1552,-2.0517,-0.5119,-0.681,-1.6304,-1.125,-1.3222,-1.0205,-0.6994,-0.9709,-1.7877,-1.0463,-0.1153,-0.5776,-2.8039,-1.6433,-1.1541
ATGtrpo393.txt_sp|Q5ABA6|ATG18_CANAL,-0.8871,-1.0896,-0.7688,-0.8907,-1.3154,-0.9427,-1.138,-1.3781,-0.7796,-1.2634,-1.1953,-0.8082,-1.3118,-1.4606,-1.6846,0.1505,-0.2312,-1.9785,-1.448,-0.9713
ATGtrpo393.txt_sp|P0CP71|ATG1_CRYNB,-0.5901,-0.587,-0.9777,-1.2095,-2.1134,-0.497,-0.665,-1.5911,-1.1741,-1.3988,-1.1235,-0.7146,-1.085,-1.9251,-0.9119,-0.0506,-0.5628,-2.9828,-1.6953,-1.1468
ATGtrpo393.txt_sp|C4B4E5|ATG26_GLOLA,-0.6305,-0.7431,-0.9736,-0.9614,-2.522,-0.701,-0.5688,-1.659,-1.2529,-1.4881,-1.2624,-0.6183,-1.1512,-1.7654,-1.0658,-0.0102,-0.5539,-2.84,-1.6508,-1.2549
ATGtrpo393.txt_sp|M7U9B9|ATG7_BOTF1,-0.766,-1.2837,-1.0222,-1.2065,-2.0288,-0.8392,-0.8405,-1.8013,-1.4523,-1.1556,-1.0288,-0.9451,-1.1725,-1.5438,-1.6523,-0.4627,-0.6993,-2.5791,-1.4758,-0.9922
ATGtrpo393.txt_sp|Q9LRP7|ATG8I_ARATH,-1.1739,-1.0696,-1.5826,-1.5478,-2.687,-0.8609,-0.8261,-2.5478,-1.5652,-1.5217,-1.6522,-0.8,-1.2087,-1.7217,-1.8087,-0.8,-1.0957,-3.0957,-1.5739,-1.2261
ATGtrpo393.txt_sp|A5DPN3|ATG11_PICGU,-0.7248,-0.3675,-0.4063,-0.7479,-3.1108,0.4903,0.9224,-2.6251,-1.3518,-1.3426,-0.5734,0.5448,-1.0554,-2.4395,-2.855,-0.41,-0.7175,-3.6399,-2.2345,-1.3813
ATGtrpo393.txt_sp|A7TR50|ATG9_VANPO,-1.0687,-1.1113,-0.6847,-0.9927,-2.7055,-0.718,-0.8345,-1.7378,-1.2133,-1.4142,-1.333,-0.9667,-1.205,-1.5942,-1.7242,-0.3902,-0.8106,-2.6556,-1.4277,-1.3944
ATGtrpo393.txt_sp|Q12092|ATG29_YEAST,-0.6761,-0.77,-0.4648,-0.6948,-2.1033,-0.1643,-0.1925,-1.5399,-0.9061,-1.3615,-1.2207,-0.338,-0.8216,-1.6526,-1.2535,-0.1737,-0.3427,-2.2441,-1.338,-1.1315
ATGtrpo393.txt_sp|I1RMK9|ATG37_GIBZE,-0.4949,-0.7831,-1.078,-1.1051,-2.3424,-0.4068,-0.2881,-1.7051,-1.5254,-1.5763,-1.3051,-0.3322,-0.9119,-2.0034,-1.3729,-0.4712,-0.7119,-2.4746,-1.661,-1.0678
ATGtrpo393.txt_sp|Q8H1Q5|AT18H_ARATH,-0.7174,-1.0205,-0.4833,-0.863,-1.808,-0.7368,-0.8177,-1.3128,-1.1154,-1.2535,-1.2999,-0.7443,-1.2222,-1.6818,-1.3247,0.1392,-0.3301,-2.4132,-1.6127,-0.9806
ATGtrpo393.txt_sp|Q8GYD7|AT18C_ARATH,-0.9186,-1.285,-0.8193,-1.1603,-1.2519,-1.1985,-1.4936,-1.5191,-0.9542,-1.1883,-1.3919,-0.9669,-1.5216,-1.5623,-2.145,0.0254,-0.3766,-2.1883,-1.5878,-0.9491
ATGtrpo393.txt_sp|A1CAN8|ATG3_ASPCL,-0.9385,-1.4022,-1.014,-0.4888,-2.5251,-0.8994,-0.3492,-1.6844,-1.405,-1.4246,-1.4385,-0.8547,-1.2235,-1.9441,-1.5419,-0.662,-0.6229,-2.743,-1.6844,-1.1313
ATGtrpo393.txt_sp|Q5B7L0|ATG4_EMENI,-0.9129,-1.3284,-1.3507,-1.2562,-1.9701,-0.9876,-0.99,-1.8134,-1.5199,-1.4428,-1.3433,-1.1169,-1.4677,-1.5995,-1.7015,-0.5473,-0.7985,-2.6517,-1.5721,-1.3458
ATGtrpo393.txt_sp|Q7S3X7|ATG4_NEUCR,-0.6798,-1.3202,-1.1502,-1.2431,-2.0356,-0.8953,-0.9565,-1.5534,-1.502,-1.5079,-1.4466,-1.0573,-1.332,-1.7391,-1.4249,-0.247,-0.5553,-2.6285,-1.6146,-1.3261
ATGtrpo393.txt_sp|F4IRW0|ATG1C_ARATH,-0.8936,-0.8568,-1.0259,-1.3261,-2.2742,-0.7476,-0.7176,-2.0887,-1.3342,-1.4243,-1.1473,-0.6439,-1.101,-1.9618,-1.5907,-0.2538,-0.7517,-3.337,-1.8145,-1.3288
ATGtrpo393.txt_sp|Q1E702|ATG2_COCIM,-0.5957,-1.1786,-1.1705,-0.9743,-2.5419,-0.7895,-0.7152,-1.6219,-1.4557,-1.3371,-1.28,-0.961,-1.2967,-2.0167,-0.8838,0.0743,-0.1933,-3.071,-1.9386,-1.069
ATGtrpo393.txt_sp|A7KAN7|ATG29_PENRW,-0.3471,-0.4854,-0.784,-0.8325,-2.2306,-0.2063,-0.318,-1.2694,-1.0485,-1.7524,-1.6359,-0.4466,-1.2403,-2.1141,-0.3738,0.2039,-0.1869,-2.5777,-1.6626,-1.4709
ATGtrpo393.txt_sp|A6S3R7|AT222_BOTFB,-0.5253,-1.4583,-1.3765,-1.7143,-2.2426,-1.2396,-1.3557,-1.5045,-1.6711,-0.8214,-0.869,-1.3661,-0.9554,-1.1324,-1.6533,-0.3051,-0.5804,-2.2217,-1.2545,-0.8095
ATGtrpo393.txt_sp|C5DNL7|ATG33_LACTC,0.3447,-1.4709,-1.3641,-1.8107,-1.5388,-1.0971,-1.1699,-1.2718,-1.3981,-1.1262,-0.9515,-1.1262,-0.8544,-1.733,-1.1214,-0.1262,-0.233,-2.4951,-1.4369,-0.6019
ATGtrpo393.txt_sp|Q876N4|ATG9_PICPA,-0.9175,-1.1311,-0.9107,-1.3898,-2.4192,-0.7864,-1.0215,-1.8418,-1.1797,-1.2655,-1.1401,-0.974,-0.9661,-1.3876,-1.7356,-0.5774,-0.7661,-2.4192,-1.2169,-1.2068
ATGtrpo393.txt_sp|C5DRF7|ATG33_ZYGRC,-0.1262,-1.5194,-1.1748,-1.6942,-1.4612,-1.0777,-1.2427,-1.2718,-1.3835,-1.1117,-0.9612,-0.9806,-0.9223,-1.6699,-1.3058,-0.1553,-0.1942,-2.3835,-1.3447,-0.8155
ATGtrpo393.txt_sp|A7KAI3|ATG4_PICAN,-0.8369,-1.2358,-1.0629,-1.0314,-1.943,-0.7721,-0.7917,-1.7603,-1.3595,-1.3242,-1.3045,-0.9882,-1.2397,-1.5619,-1.5226,-0.4892,-0.6955,-2.5383,-1.4912,-1.2318
ATGtrpo393.txt_sp|Q8NJJ3|ATG4_PICPA,-0.7786,-1.1839,-1.0356,-0.8968,-1.8668,-0.8255,-0.8161,-1.5572,-1.2533,-1.2308,-1.2139,-0.9812,-1.2045,-1.5159,-1.3396,-0.4203,-0.6285,-2.4165,-1.4053,-1.1295
ATGtrpo393.txt_sp|I1S039|ATG5_GIBZE,-1.1457,-1.3504,-1.3268,-1.6378,-2.2913,-1.122,-1.2795,-2.1299,-1.5669,-0.9724,-0.874,-1.2087,-1.0787,-1.6417,-1.4409,-0.7756,-0.9173,-2.4055,-1.4331,-1.0709
ATGtrpo393.txt_sp|Q54JI9|BECNB_DICDI,-0.3988,-1.0094,-0.6351,-1.214,-2.8807,-0.0901,-0.3602,-1.8234,-1.3368,-1.6152,-1.331,-0.4877,-1.1836,-2.5836,-0.9591,0.4456,0.4304,-3.5404,-2.2889,-1.2468
ATGtrpo393.txt_sp|A3GG92|ATG11_PICST,-0.7246,-0.253,-0.4552,-0.7108,-3.0869,0.747,1.1256,-2.6928,-1.2117,-1.3804,-0.4811,0.722,-1.0499,-2.5542,-3.0052,-0.395,-0.7126,-3.722,-2.3141,-1.5095
ATGtrpo393.txt_sp|A3GI31|ATG12_PICST,-0.4615,-1.0972,-0.587,-1.0648,-2.2065,-0.4413,-0.5425,-1.5547,-1.332,-1.5182,-1.5385,-0.6032,-1.2186,-2.1053,-1.247,0.1255,-0.2105,-2.9231,-1.8866,-1.085
ATGtrpo393.txt_sp|Q6FK11|ATG29_CANGA,-0.7051,-0.659,-0.47,-0.7604,-2.1659,-0.2258,-0.2166,-1.4608,-1.0323,-1.3963,-1.3502,-0.2765,-0.9539,-1.6129,-1.1198,-0.212,-0.2488,-2.1613,-1.2627,-1.1567
ATGtrpo393.txt_sp|A0A286M9N3|ATG11_ACRCH,-0.5313,-0.2017,-0.487,-0.721,-2.7885,0.7013,0.9368,-2.3978,-1.1258,-1.4561,-0.6437,0.5559,-0.9726,-2.4765,-2.6697,-0.2762,-0.6852,-3.3472,-2.1813,-1.4554
ATGtrpo393.txt_sp|Q75E74|ATG2_ASHGO,-0.8741,-1.219,-0.8105,-1.0498,-2.3613,-0.7731,-0.8367,-1.8662,-1.5056,-0.9836,-1.0682,-0.722,-0.9502,-1.6518,-1.8518,-0.2866,-0.5128,-2.9482,-1.6433,-0.92
ATGtrpo393.txt_sp|Q5B1T9|ATG2_EMENI,-0.6421,-1.1268,-1.0493,-0.9067,-2.4804,-0.7455,-0.6919,-1.6368,-1.4206,-1.3077,-1.2306,-0.856,-1.2598,-1.9191,-0.9311,0.0053,-0.388,-2.9426,-1.7938,-1.0789
ATGtrpo393.txt_sp|A7EAE5|ATG12_SCLS1,-0.775,-1.3083,-1.05,-1.7083,-2.1167,-0.575,-1.2417,-1.8,-1.5333,-1.1417,-1.1583,-0.9167,-1.0583,-1.825,-1.5417,-0.2833,-0.4583,-2.7833,-1.875,-0.8417
ATGtrpo393.txt_sp|Q06159|ATG39_YEAST,-0.8317,-0.5779,-0.6357,-1.0628,-2.1658,-0.3794,-0.5377,-1.5854,-0.9095,-1.4221,-1.4899,-0.3744,-0.7839,-1.4623,-1.8241,-0.2714,-0.6357,-2.191,-1.1005,-1.2965
ATGtrpo393.txt_sp|A5DN42|ATG3_PICGU,-0.9863,-1.3891,-1.2116,-0.8703,-2.7065,-0.9078,-0.6451,-1.9522,-1.3857,-1.5802,-1.5768,-0.9317,-1.3174,-1.9727,-1.6962,-0.7406,-0.6485,-2.9352,-1.6826,-1.2423
ATGtrpo393.txt_sp|A3LX85|ATG3_PICST,-0.9717,-1.3522,-1.0692,-0.695,-2.6195,-0.8774,-0.5126,-1.7201,-1.3868,-1.5094,-1.5094,-0.8774,-1.2484,-1.9025,-1.6321,-0.6918,-0.6698,-2.6635,-1.6069,-1.2453
ATGtrpo393.txt_sp|A7KAI4|ATG5_PICAN,-1.1949,-1.3682,-1.3321,-1.5848,-2.4152,-1.0794,-1.231,-2.2527,-1.509,-0.9422,-0.9386,-1.1516,-1.0939,-1.704,-1.3791,-0.7798,-0.9567,-2.5812,-1.4982,-1.0289
ATGtrpo393.txt_sp|Q1DP17|ATG5_COCIM,-0.8376,-1.1111,-1.057,-1.265,-1.9117,-0.8234,-0.943,-1.6097,-1.2934,-0.8604,-0.7749,-0.9373,-0.943,-1.416,-0.9715,-0.5698,-0.6952,-1.9943,-1.2279,-0.8889
ATGtrpo393.txt_sp|A7KAK4|ATG22_PICAN,-0.5653,-1.7442,-1.6708,-2.1556,-2.1109,-1.4472,-1.7782,-1.6726,-1.873,-0.5331,-0.6082,-1.5868,-0.7943,-0.9195,-1.8605,-0.4687,-0.6565,-2.1503,-1.1825,-0.5313
ATGtrpo393.txt_sp|Q6FRH2|ATG11_CANGA,-0.6018,-0.3441,-0.5,-0.6604,-3.0676,0.4865,0.8676,-2.3946,-1.2748,-1.4126,-0.5955,0.4351,-1.0568,-2.3829,-2.6468,-0.3514,-0.6964,-3.4144,-2.1685,-1.3802
ATGtrpo393.txt_sp|Q7S4D7|ATG9_NEUCR,-0.9383,-1.1079,-1.0198,-1.4064,-2.7126,-0.8414,-1.0231,-1.7467,-1.2941,-1.446,-1.2379,-1.1244,-1.0936,-1.609,-1.6178,-0.5771,-0.8811,-2.6883,-1.4604,-1.348
ATGtrpo393.txt_sp|A7TNK5|ATG10_VANPO,-0.8112,-0.9082,-0.8929,-1.0867,-1.9541,-0.4541,-0.6582,-1.8827,-1.0357,-0.9796,-0.7296,-0.9082,-0.7857,-1.4337,-1.3571,-0.4898,-0.4847,-1.7755,-0.9388,-0.8163
ATGtrpo393.txt_sp|A5DLC6|ATG7_PICGU,-0.8585,-1.2854,-1.1583,-1.4125,-2.2254,-0.9161,-1.0408,-2.0264,-1.5659,-1.2542,-1.0192,-0.9113,-1.1894,-1.4628,-1.8681,-0.5396,-0.7938,-2.6211,-1.4365,-1.1271
