#name,V1,V2,V3,V4,V5,V6,V7,V8,V9,V10,V11,V12,V13,V14,V15,V16,V17,V18,V19,V20
ATGtrpo393.txt_sp|I1RGD4|ATG23_GIBZE,61.758,23.232,11.979,9.114,8.142,7.919,6.872,6.421,6.281,5.854,5.648,5.467,5.206,4.918,4.776,4.629,4.494,4.101,3.861,3.645
ATGtrpo393.txt_sp|Q6C0L6|ATG17_YARLI,29.122,15.934,8.917,8.405,7.157,6.315,5.883,5.698,5.207,4.957,4.871,4.561,4.488,4.352,3.969,3.866,3.612,3.54,3.273,2.895
ATGtrpo393.txt_sp|Q75B65|ATG20_ASHGO,38.265,17.018,10.723,9.486,8.709,7.757,7.055,6.878,6.669,6.212,6.022,5.679,5.596,5.453,5.154,4.837,4.717,4.701,4.398,4.174
ATGtrpo393.txt_sp|Q51IZ9|ATG22_MAGO7,36.094,21.472,13.167,11.177,8.531,8.1,7.835,6.27,5.929,5.844,5.808,5.361,5.074,4.961,4.723,4.427,4.292,3.904,3.784,3.508
ATGtrpo393.txt_sp|Q7SG38|ATG22_NEUCR,37.888,21.877,13.918,11.899,8.676,8.157,7.873,6.569,6.163,6.046,5.842,5.574,5.268,5.146,4.781,4.614,4.3,4.164,4.028,3.538
ATGtrpo393.txt_sp|W0T4C1|ATG12_KLUMD,20.586,9.996,6.366,5.444,5.101,4.807,3.991,3.813,3.592,3.261,3.048,2.818,2.637,2.558,2.358,2.158,2.153,1.813,1.518,1.147
ATGtrpo393.txt_sp|Q5BCH0|ATG12_EMENI,18.455,9.621,5.919,5.13,4.651,4.373,3.658,3.353,3.059,2.821,2.767,2.665,2.479,2.454,2.096,1.998,1.825,1.564,1.433,1.224
ATGtrpo393.txt_sp|Q9LZZ9|ATG8G_ARATH,13.97,9.311,5.853,4.902,4.053,3.253,2.795,2.484,2.314,2.197,2.077,1.649,1.583,1.525,1.302,1.197,1.043,0.945,0.785,0.746
ATGtrpo393.txt_sp|Q8H715|ATG8_PHYIN,13.77,9.111,5.744,4.703,3.912,3.107,2.702,2.632,2.527,2.304,2.121,1.823,1.72,1.575,1.476,1.454,1.25,1.057,0.911,0.87
ATGtrpo393.txt_sp|Q872C6|ATG5_NEUCR,26.849,14.768,8.902,7.791,6.849,6.314,5.243,4.923,4.458,4.307,4.024,3.982,3.75,3.666,3.343,3.184,2.975,2.884,2.656,2.586
ATGtrpo393.txt_sp|Q9P373|ATG4_SCHPO,24.132,14.658,8.964,7.484,6.549,5.696,5.427,5.266,4.789,4.653,4.377,3.902,3.705,3.415,3.22,3.084,2.868,2.738,2.396,2.317
ATGtrpo393.txt_sp|Q557H7|ATG4_DICDI,41.764,20.169,12.432,10.551,8.439,7.604,7.021,5.91,5.826,5.397,4.991,4.35,4.176,4.038,3.694,3.375,3.229,3.169,2.658,2.377
ATGtrpo393.txt_sp|Q59VY1|ATG5_CANAL,23.178,13.457,8.331,6.91,6.332,5.824,5.173,4.823,4.613,4.574,4.189,4.009,3.75,3.581,3.327,3.318,3.139,3.024,2.866,2.742
ATGtrpo393.txt_sp|Q0UXN8|ATG5_PHANO,25.336,14.004,8.177,7.082,6.486,6.202,5.148,4.905,4.669,4.437,4.161,4.063,3.71,3.628,3.581,3.399,3.241,3.038,2.947,2.824
ATGtrpo393.txt_sp|Q2U5B0|ATG4_ASPOR,28.367,15.524,9.277,8.232,7.564,6.719,6.252,5.764,5.275,5.204,4.69,4.308,4.256,3.902,3.637,3.572,3.409,3.116,2.859,2.73
ATGtrpo393.txt_sp|A7KAL5|ATG4_PENRW,27.722,15.543,9.679,7.991,7.604,6.698,6.264,5.803,5.319,5.014,4.762,4.414,4.028,3.963,3.638,3.493,3.24,3.186,2.913,2.792
ATGtrpo393.txt_sp|A2QWA6|ATG13_ASPNC,46.201,18.744,14.564,11.836,10.944,10.522,9.25,8.887,8.68,7.583,7.279,6.995,6.623,6.002,5.788,5.708,5.324,4.97,4.535,4.077
ATGtrpo393.txt_sp|Q6FX35|ATG14_CANGA,26.654,15.365,8.349,7.799,6.48,5.132,4.932,4.518,4.291,3.988,3.756,3.404,3.226,2.972,2.843,2.756,2.514,2.264,2.069,1.856
ATGtrpo393.txt_sp|W0T661|ATG16_KLUMD,16.807,8.736,5.266,4.294,3.955,3.553,3.25,2.994,2.752,2.61,2.365,2.261,2.044,1.992,1.826,1.73,1.637,1.333,1.306,0.783
ATGtrpo393.txt_sp|A7KAM6|ATG17_PENRW,34.716,17.356,10.351,8.868,8.519,7.133,6.788,6.555,6.203,5.928,5.672,5.385,5.147,4.877,4.838,4.693,4.568,4.207,3.937,3.289
ATGtrpo393.txt_sp|Q520U5|ATG16_MAGO7,23.12,9.418,6.038,5.458,5.334,4.395,4.197,4.098,3.873,3.641,3.599,3.319,3.072,3,2.868,2.81,2.74,2.345,2.168,1.774
ATGtrpo393.txt_sp|A6SG03|ATG17_BOTFB,34.124,16.247,9.643,8.682,8.475,7.121,6.592,6.335,6.08,5.946,5.726,5.41,5.073,4.943,4.865,4.65,4.48,4.42,4.108,3.532
ATGtrpo393.txt_sp|F4JBP3|ATG1B_ARATH,40.773,21.306,12.644,10.451,8.933,8.713,7.043,6.68,6.339,5.964,5.762,5.35,4.807,4.647,4.581,4.249,4.107,3.946,3.605,3.176
ATGtrpo393.txt_sp|A0A098DPY0|ATG29_GIBZE,30.286,11.883,8.944,6.905,6.333,5.794,5.116,4.161,3.69,3.239,3.134,2.738,2.514,2.13,1.989,1.807,1.624,1.461,1.242,0.997
ATGtrpo393.txt_sp|A2QTX8|AT222_ASPNC,34.173,19.571,12.012,10.763,7.717,7.489,7.295,6.32,6.176,5.774,5.767,5.483,5.212,4.938,4.763,4.628,4.366,4.197,3.945,3.656
ATGtrpo393.txt_sp|Q2RBS4|ATG8D_ORYSJ,13.711,9.015,5.797,4.717,3.999,3.207,2.791,2.535,2.504,2.158,2.005,1.934,1.729,1.649,1.511,1.433,1.227,1,0.91,0.774
ATGtrpo393.txt_sp|Q6CT08|ATG9_KLULA,41.62,24.018,14.347,12.642,11.41,9.985,9.171,8.804,8.249,7.24,6.892,6.728,6.08,5.92,5.813,5.669,5.557,5.211,4.975,4.622
ATGtrpo393.txt_sp|A7KAI1|ATG2_PICAN,61.845,34.079,17.382,15.694,14.985,12.998,12.227,11.182,10.085,9.69,9.453,9.063,8.67,8.521,8.115,7.832,7.693,6.818,6.603,5.332
ATGtrpo393.txt_sp|Q6C6M0|ATG2_YARLI,55.532,32.387,17.419,14.022,13.708,12.284,11.299,10.328,9.785,9.133,8.862,8.283,8.131,7.726,7.489,7.119,6.933,6.377,6.105,5.465
ATGtrpo393.txt_sp|Q6CYG2|ATG32_KLULA,32.853,18.764,10.56,9.007,7.008,5.734,5.203,4.153,3.853,3.285,2.936,2.446,2.202,2.14,1.912,1.721,1.515,1.452,1.139,1.055
ATGtrpo393.txt_sp|D4B086|ATG27_ARTBC,24.942,15.192,8.166,6.815,5.329,4.027,3.416,2.644,2.563,1.939,1.489,1.274,1.115,0.823,0.652,0.451,0.354,0.307,0.145,0.002
ATGtrpo393.txt_sp|Q5AWA2|ATG7_EMENI,37.253,19.427,12.023,10.554,9.095,8.275,7.741,7.198,7.025,6.75,6.26,5.909,5.627,5.416,4.988,4.95,4.725,4.489,4.47,4.045
ATGtrpo393.txt_sp|A2YS06|ATG8C_ORYSI,13.721,9.564,5.841,4.865,3.922,3.108,2.724,2.491,2.372,2.167,2.052,1.606,1.534,1.474,1.322,1.222,1.082,0.972,0.932,0.745
ATGtrpo393.txt_sp|A7KAJ7|ATG12_PICAN,18.807,9.504,5.62,5.205,4.697,4.434,3.69,3.508,3.111,2.911,2.813,2.549,2.493,2.421,2.127,2.024,1.781,1.505,1.306,0.975
ATGtrpo393.txt_sp|F4K265|AT101_ARATH,20.618,12.245,6.498,6.067,4.56,3.773,3.646,3.175,2.781,2.393,2.23,2.136,1.891,1.719,1.48,1.365,1.286,1.181,1.144,1.056
ATGtrpo393.txt_sp|Q59X11|ATG2_CANAL,62.305,35.652,18.529,16.065,15.152,12.103,11.584,10.696,9.2,8.815,8.622,7.846,7.707,7.349,6.719,6.532,6.295,5.824,5.265,4.894
ATGtrpo393.txt_sp|C5DH39|ATG32_LACTC,30.928,18.384,9.88,8.09,6.441,5.64,4.893,4.161,3.653,3.301,2.933,2.464,2.136,1.968,1.633,1.541,1.375,1.343,1.074,1.028
ATGtrpo393.txt_sp|Q2UUT6|ATG9_ASPOR,42.154,24.398,14.703,13.082,11.162,9.946,9.381,8.646,8.095,6.946,6.711,6.15,5.467,5.321,5.266,5.171,5.008,4.868,4.489,4.237
ATGtrpo393.txt_sp|Q9BY60|GBRL3_HUMAN,13.887,9.049,5.734,4.865,3.822,3.078,2.844,2.789,2.667,2.308,2.153,1.881,1.743,1.641,1.531,1.43,1.302,1.122,1.069,0.909
ATGtrpo393.txt_sp|Q8NJJ4|ATG8_PICPA,14.464,9.394,5.813,4.893,4.069,3.142,2.944,2.806,2.722,2.339,2.215,1.989,1.751,1.703,1.544,1.461,1.346,1.248,1.09,0.972
ATGtrpo393.txt_sp|Q9VTU1|APG12_DROME,14.416,8.328,5.38,4.721,3.965,3.494,3.286,3.224,2.836,2.627,2.458,2.353,2.296,2.083,1.861,1.732,1.641,1.561,1.298,1.267
ATGtrpo393.txt_sp|P25568|ATG22_YEAST,32.038,18.805,11.682,10.426,7.344,7.078,6.935,6.022,5.721,5.488,5.431,5.175,4.914,4.867,4.453,4.37,4.203,3.947,3.724,3.572
ATGtrpo393.txt_sp|Q75B79|ATG11_ASHGO,54.42,23.268,12.95,11.846,10.412,9.934,9.439,8.866,8.61,8.099,7.592,7.384,7.087,6.854,6.723,6.566,6.501,6.119,5.888,5.638
ATGtrpo393.txt_sp|Q51UJ9|ATG11_MAGO7,64.131,25.701,14.837,11.705,11.498,10.249,9.488,9.162,8.422,8.17,7.694,7.466,7.381,7.09,6.879,6.76,6.56,6.001,5.865,5.472
ATGtrpo393.txt_sp|A1CU77|ATG9_ASPCL,41.946,24.192,14.654,13.072,11.301,9.91,9.568,8.5,8.12,6.989,6.652,6.34,5.776,5.655,5.499,5.115,5.02,4.959,4.78,4.347
ATGtrpo393.txt_sp|W0TD11|BECN1_KLUMD,32.043,16.404,9.661,8.212,7.61,6.577,5.956,5.763,5.543,5.249,5.14,4.951,4.618,4.508,4.479,4.146,4.047,3.841,3.353,3.253
ATGtrpo393.txt_sp|A2QCV0|ATG17_ASPNC,35.367,17.327,10.502,8.615,7.969,7.378,6.575,6.552,6.137,6,5.737,5.589,5.29,5.02,4.797,4.576,4.512,4.338,4.184,3.787
ATGtrpo393.txt_sp|A7EJG6|ATG5_SCLS1,22.922,13.034,7.91,6.467,5.994,5.694,5.001,4.793,4.68,4.323,4.183,3.915,3.827,3.528,3.344,3.214,3.147,2.857,2.567,2.522
ATGtrpo393.txt_sp|A7KAK1|ATG17_PICAN,31.077,15.842,8.849,8.357,8.019,6.797,6.626,6.145,5.892,5.68,5.637,5.195,5.169,4.969,4.851,4.736,4.577,4.327,4.087,3.692
ATGtrpo393.txt_sp|I1RR07|ATG17_GIBZE,33.403,16.859,10.169,8.645,8.235,7.129,6.579,6.28,5.908,5.798,5.757,5.46,5.032,4.815,4.508,4.471,4.319,4.124,3.974,3.181
ATGtrpo393.txt_sp|Q6BH63|ATG16_DEBHA,20.591,9.621,6.22,5.683,4.865,4.267,3.972,3.58,3.36,3.136,2.955,2.912,2.803,2.595,2.503,2.425,2.277,2.074,1.64,1.422
ATGtrpo393.txt_sp|Q5AI71|ATG17_CANAL,32.378,16.403,9.181,8.709,8.249,6.894,6.67,6.451,5.933,5.721,5.577,5.342,5.223,4.933,4.861,4.677,4.302,4.241,4.103,3.565
ATGtrpo393.txt_sp|Q75BE5|ATG14_ASHGO,23.747,14.932,7.649,7.327,6.169,4.949,4.593,4.381,4.052,3.688,3.617,3.309,3.084,2.923,2.622,2.5,2.407,2.279,1.938,1.802
ATGtrpo393.txt_sp|Q6FR93|ATG20_CANGA,43.97,19.818,11.933,10.295,9.653,8.321,7.836,7.767,7.474,6.519,6.205,6.104,5.707,5.583,5.405,5.237,5.128,4.978,4.828,4.544
ATGtrpo393.txt_sp|Q6BS08|ATG1_DEBHA,47.157,21.08,13.076,11.726,10.279,9.56,8.414,8.21,7.9,7.567,7.115,6.717,6.534,6.08,5.885,5.635,5.453,5.319,5.19,4.52
ATGtrpo393.txt_sp|Q756Z7|ATG23_ASHGO,28.672,16.547,9.055,7.443,6.715,5.463,5.183,4.761,4.432,4.115,3.901,3.643,3.282,3.05,2.838,2.608,2.422,2.339,2.092,1.595
ATGtrpo393.txt_sp|Q6CUZ1|ATG22_KLULA,30.168,18.45,11.519,10.087,7.285,6.97,6.678,5.704,5.308,5.207,5.107,5.022,4.769,4.574,4.179,4.006,3.817,3.468,3.416,3.011
ATGtrpo393.txt_sp|Q6CFR0|ATG11_YARLI,51.967,21.093,11.726,10.783,9.159,8.889,8.604,7.919,7.601,7.258,6.833,6.443,6.37,6.177,5.938,5.902,5.737,5.359,5.323,5.079
ATGtrpo393.txt_sp|Q4WZY1|AT222_ASPFU,34.192,19.869,12.418,10.88,7.875,7.558,7.404,6.152,5.824,5.753,5.577,5.461,5.127,4.992,4.761,4.44,4.325,3.925,3.593,3.346
ATGtrpo393.txt_sp|Q6CXW3|ATG7_KLULA,35.277,19.363,11.788,10.127,8.667,8.314,7.647,7.296,6.906,6.356,6.184,5.865,5.739,5.52,5.209,4.846,4.576,4.48,4.268,3.881
ATGtrpo393.txt_sp|Q6BT31|ATG8_DEBHA,15.287,9.783,6.075,5.149,4.165,3.304,2.851,2.725,2.702,2.501,2.39,2.096,1.83,1.733,1.65,1.53,1.321,1.281,1.078,1.05
ATGtrpo393.txt_sp|Q8S926|ATG8E_ARATH,14.021,9.347,5.837,5.018,3.931,3.188,2.84,2.507,2.363,2.171,1.999,1.667,1.54,1.415,1.286,1.247,1.082,0.909,0.826,0.772
ATGtrpo393.txt_sp|Q0TWF4|AT221_PHANO,32.975,19.156,12.102,10.383,7.55,7.304,7.214,6.239,6.169,5.823,5.619,5.437,5.12,5.038,4.847,4.539,4.195,4.031,3.72,3.338
ATGtrpo393.txt_sp|Q75F26|ATG29_ASHGO,19.161,10.84,6.17,5.064,4.154,3.036,2.686,2.349,1.993,1.479,1.225,0.94,0.884,0.834,0.718,0.667,0.603,0.581,0.442,0.376
ATGtrpo393.txt_sp|J4W0G2|ATG1_BEAB2,48.92,21.166,13.655,11.762,10.497,9.739,8.475,8.145,8.02,7.666,7.208,6.656,6.396,6.095,5.848,5.618,5.492,5.326,5.168,4.532
ATGtrpo393.txt_sp|Q6CVG9|ATG11_KLULA,54.811,22.984,12.338,11.245,10.563,9.532,9.198,8.507,8.437,8.33,7.403,7.027,6.839,6.733,6.605,6.264,6.137,5.922,5.537,5.32
ATGtrpo393.txt_sp|Q75CI5|ATG10_ASHGO,17.349,11.007,6.112,5.352,4.423,4.084,3.518,3.226,3.011,2.893,2.707,2.299,2.108,2.061,1.824,1.599,1.548,1.502,1.223,1.106
ATGtrpo393.txt_sp|I1S4N7|BECN1_GIBZE,32.777,16.092,10.333,8.354,7.681,6.752,6.667,5.975,5.567,5.341,5.142,4.889,4.809,4.528,4.414,4.212,3.867,3.662,3.45,3.26
ATGtrpo393.txt_sp|Q55CC5|BECNA_DICDI,55.541,28.553,16.274,14.226,11.856,10.147,9.151,8.756,7.671,7.167,6.819,6.489,6.425,5.861,5.736,5.402,5.141,4.609,4.271,4.166
ATGtrpo393.txt_sp|O93922|ATG7_PICPA,36.921,20.138,11.915,10.453,9.151,8.698,8.029,7.559,7.052,6.619,6.369,6.097,5.806,5.374,5.155,5.127,4.653,4.529,4.282,4.157
ATGtrpo393.txt_sp|Q9GJW7|GBRAP_BOVIN,13.493,9.36,5.774,4.867,4.006,3.092,2.732,2.463,2.325,2.201,2.022,1.605,1.557,1.5,1.316,1.116,1.034,0.981,0.91,0.776
ATGtrpo393.txt_sp|Q2UMW6|ATG12_ASPOR,18.906,9.123,6.132,5.202,4.902,4.65,3.732,3.466,3.343,3.11,2.862,2.774,2.584,2.331,2.227,2.016,1.901,1.537,1.287,1.145
ATGtrpo393.txt_sp|A1C5W7|AT222_ASPCL,34.632,19.892,12.243,10.812,7.882,7.775,7.364,6.39,6.014,5.712,5.615,5.46,5.223,5.08,4.811,4.561,4.47,4.215,3.969,3.551
ATGtrpo393.txt_sp|Q6CQ43|ATG2_KLULA,55.019,33.003,16.86,15.279,13.656,11.823,11.161,10.502,9.358,8.876,8.696,8.322,7.971,7.717,7.093,6.866,6.761,6.077,5.611,4.887
ATGtrpo393.txt_sp|Q9US24|ATG12_SCHPO,16.194,8.895,5.665,5.013,4.208,3.739,3.465,3.275,3.111,2.926,2.74,2.59,2.257,2.173,2.057,1.754,1.712,1.634,1.367,1.307
ATGtrpo393.txt_sp|Q9HFR4|ATG2_PICPA,62.767,33.299,18.347,16.54,15.494,13.83,13.02,12.678,11.139,10.729,10.37,9.81,9.523,9.296,8.803,8.569,8.516,8.009,7.488,6.234
ATGtrpo393.txt_sp|W0TIW1|ATG9_KLUMD,41.388,24.301,14.021,12.485,11.021,9.568,8.771,8.702,8.064,6.922,6.879,6.644,5.88,5.546,5.517,5.221,5.173,5.013,4.825,4.292
ATGtrpo393.txt_sp|Q5ANC9|ATG9_CANAL,44.673,23.721,14.084,12.411,10.991,9.93,9.079,8.747,8.38,7.382,6.767,6.665,6.118,6.105,5.706,5.645,5.38,5.172,4.988,4.638
ATGtrpo393.txt_sp|Q8H1Q8|AT18B_ARATH,29.555,15.169,9.427,8.138,7.096,6.354,6.223,5.703,5.553,4.975,4.8,4.598,4.464,4.026,3.623,3.608,3.41,3.374,3.015,2.527
ATGtrpo393.txt_sp|Q2H427|ATG3_CHAGB,25.622,12.435,8.494,7.804,7.578,5.825,5.33,4.86,4.412,4.352,4.049,3.679,3.573,3.396,3.253,2.974,2.948,2.774,2.574,2.447
ATGtrpo393.txt_sp|Q0U199|ATG4_PHANO,32.054,15.647,9.473,8.546,7.544,6.873,6.308,5.734,5.308,5.247,5.042,4.48,4.307,4.107,3.677,3.443,3.3,3.149,3.125,2.798
ATGtrpo393.txt_sp|Q2UBM1|ATG5_ASPOR,26.217,13.926,8.147,7.083,6.468,6.043,5.14,5.042,4.891,4.648,4.343,4.124,4.01,3.759,3.527,3.381,3.16,3.062,3.006,2.803
ATGtrpo393.txt_sp|Q6CKE2|ATG5_KLULA,23.029,13.288,8.194,6.604,6.286,6.078,5.322,4.832,4.718,4.449,4.325,4.004,3.862,3.725,3.46,3.41,3.236,3.22,3.071,2.73
ATGtrpo393.txt_sp|A6RE26|ATG5_AJECN,26.874,13.524,8.141,7.201,6.685,5.959,5.158,5.071,4.848,4.367,4.322,4.158,3.896,3.717,3.454,3.298,3.11,3.048,2.888,2.765
ATGtrpo393.txt_sp|A5E567|ATG15_LODEL,32.603,17.502,11.403,9.506,7.902,6.626,6.32,5.27,4.849,4.451,4.327,3.685,3.533,3.181,3.044,2.957,2.85,2.516,2.4,1.972
ATGtrpo393.txt_sp|Q6CPX2|ATG16_KLULA,16.696,9.367,4.91,4.049,3.938,3.319,3.073,2.855,2.533,2.49,2.353,2.261,2.134,1.966,1.839,1.723,1.603,1.573,1.388,0.8
ATGtrpo393.txt_sp|A7KAM4|ATG13_PENRW,46.42,18.711,14.283,11.628,11.236,11.147,9.965,8.581,8.254,7.573,7.112,7.044,6.421,5.97,5.46,5.295,4.757,4.67,3.899,3.469
ATGtrpo393.txt_sp|Q2UFN7|ATG17_ASPOR,34.948,17.648,10.373,8.648,8.357,7.287,6.741,6.417,6.142,5.995,5.645,5.409,5.231,5.015,4.79,4.591,4.372,4.14,3.989,3.319
ATGtrpo393.txt_sp|A7TJJ8|ATG14_VANPO,25.152,15.481,8.046,7.735,6.384,5.472,4.963,4.894,4.744,4.142,4.056,3.793,3.33,3.195,3.047,2.975,2.855,2.636,2.341,2.312
ATGtrpo393.txt_sp|Q75CH3|ATG1_ASHGO,49.768,21.611,13.782,11.97,10.947,10.406,8.933,8.868,8.462,7.941,7.688,7.253,7.037,6.671,6.379,6.054,5.863,5.713,5.49,4.858
ATGtrpo393.txt_sp|A7TFA9|ATG22_VANPO,31.4,18.47,11.86,10.382,7.415,6.94,6.847,5.946,5.791,5.632,5.596,5.271,4.937,4.803,4.424,4.309,4.126,3.943,3.638,3.487
ATGtrpo393.txt_sp|A1C6D6|ATG15_ASPCL,34.08,17.671,12.717,10.617,8.744,8.31,7.563,6.32,5.608,5.279,5,4.883,4.527,4.121,4.025,3.744,3.617,3.531,3.166,2.987
ATGtrpo393.txt_sp|Q4X0B0|ATG17_ASPFU,34.71,17.975,10.514,8.752,8.436,7.104,6.568,6.354,6.185,5.909,5.509,5.369,5.101,4.871,4.66,4.385,4.329,3.957,3.78,3.094
ATGtrpo393.txt_sp|P0CM28|ATG12_CRYNJ,13.798,7.999,5.308,4.504,3.664,3.487,3.133,2.806,2.555,2.433,2.356,2.325,2.147,2.072,1.863,1.641,1.423,1.354,1.239,1.069
ATGtrpo393.txt_sp|Q75EB4|ATG12_ASHGO,20.328,9.929,6.499,5.335,4.755,4.595,3.765,3.715,3.239,3.106,3.061,2.781,2.616,2.485,2.356,2.199,1.866,1.691,1.457,1.127
ATGtrpo393.txt_sp|Q0CSI0|ATG2_ASPTN,64.814,34.529,20.543,16.762,16.682,16.086,13.952,12.266,11.807,11.097,10.657,9.973,9.714,8.709,8.476,8.061,7.872,7.633,7.126,6.294
ATGtrpo393.txt_sp|Q21480|ATG2_CAEEL,68.388,39.357,21.22,17.855,15.969,13.964,12.506,11.209,10.651,9.6,8.841,8.366,8.029,7.859,7.272,6.951,6.864,6.75,6.075,5.964
ATGtrpo393.txt_sp|I1RNG8|ATG1_GIBZE,49.237,21.375,13.741,11.52,10.395,10.192,8.533,8.341,8.075,7.554,7.216,6.855,6.66,6.144,6.08,5.651,5.558,5.384,5.232,4.568
ATGtrpo393.txt_sp|Q9C438|ATG11_PICPA,59.46,25.232,14.534,13.078,11.554,11.051,9.91,9.325,9.039,8.617,8.096,8.089,7.811,7.65,7.457,7.102,6.535,6.421,6.367,5.11
ATGtrpo393.txt_sp|A6RA46|ATG12_AJECN,19.364,9.479,6.182,5.467,4.905,4.657,3.916,3.7,3.574,3.363,3.203,2.866,2.737,2.627,2.484,2.248,2.197,1.731,1.619,1.38
ATGtrpo393.txt_sp|Q6CBS9|ATG27_YARLI,23.01,13.135,7.406,6.746,5.552,5.257,4.654,4.287,4.084,3.649,3.493,3.277,3.138,2.909,2.767,2.732,2.573,2.3,1.93,1.641
ATGtrpo393.txt_sp|Q59PZ3|ATG7_CANAL,35.985,19.855,11.666,10.4,9.28,8.226,7.995,7.254,6.873,6.158,6.042,6.002,5.638,5.512,5.021,4.637,4.501,4.292,4.267,3.93
ATGtrpo393.txt_sp|Q51P78|ATG12_MAGO7,19.449,9.334,6.281,5.226,5.023,4.627,3.833,3.647,3.291,3.081,2.957,2.824,2.647,2.53,2.332,2.07,1.967,1.709,1.578,1.363
ATGtrpo393.txt_sp|A7ERK1|ATG9_SCLS1,41.311,24.751,14.875,12.91,11.247,9.685,9.197,8.515,7.587,6.695,6.478,5.969,5.33,5.209,5.119,4.87,4.633,4.548,4.345,3.837
ATGtrpo393.txt_sp|Q67C55|ATG11_PICAN,58.793,25.507,14.15,12.654,12.003,11.204,10.343,9.866,9.342,9.004,8.551,8.376,8.134,8.027,7.726,7.713,7.03,6.832,6.514,6.052
ATGtrpo393.txt_sp|C5DZR8|ATG32_ZYGRC,31.448,19.005,10.06,8.298,6.993,6.053,5.318,4.266,3.94,3.448,2.887,2.694,2.237,1.953,1.927,1.627,1.402,1.293,1.079,0.913
ATGtrpo393.txt_sp|Q0UNW1|ATG12_PHANO,15.824,8.765,5.421,4.624,4.217,3.863,3.303,3.087,2.896,2.662,2.437,2.275,2.191,2.007,1.824,1.7,1.566,1.329,1.197,0.774
ATGtrpo393.txt_sp|A3LT28|ATG2_PICST,62.301,35.298,18.524,15.918,15.036,12.704,11.912,10.925,9.636,9.484,9.029,8.287,7.953,7.431,7.234,7.037,6.487,6.138,5.663,5.015
ATGtrpo393.txt_sp|Q9VCE1|BECN1_DROME,30.026,16.45,9.192,8.003,7.016,5.675,5.365,5.29,5.093,4.977,4.679,4.336,4.26,4.016,3.775,3.573,3.531,3.497,3.109,2.791
ATGtrpo393.txt_sp|I1RAY1|ATG14_GIBZE,31.055,17.928,10.344,8.014,6.845,4.858,4.254,3.47,2.977,2.1,1.814,1.548,1.468,1.033,0.831,0.579,0.447,0.399,0.19,0.003
ATGtrpo393.txt_sp|A7TG13|ATG15_VANPO,33.565,17.688,11.465,9.521,8.153,7.305,7.155,5.837,5.351,4.781,4.654,4.179,3.936,3.843,3.7,3.584,3.435,2.942,2.885,2.373
ATGtrpo393.txt_sp|Q5A4N0|ATG15_CANAL,34.482,17.537,11.717,9.775,8.493,7.128,6.802,5.892,5.301,4.925,4.601,4.182,3.897,3.715,3.529,3.448,3.186,3.012,2.77,2.412
ATGtrpo393.txt_sp|A4IIM9|ATG13_XENTR,31.636,18.766,11.023,8.491,6.861,5.904,5.173,3.827,3.751,3.145,2.884,2.565,1.943,1.757,1.601,1.404,1.346,1.195,0.996,0.973
ATGtrpo393.txt_sp|A7KAM5|ATG15_PENRW,35.477,17.322,12.595,10.634,9.232,8.522,8.299,6.742,6.127,5.869,5.565,5.227,4.876,4.645,4.313,4.267,4.117,3.725,3.449,3.045
ATGtrpo393.txt_sp|A3LX29|ATG17_PICST,33.009,15.971,9.73,8.457,8.206,7.111,6.823,6.524,6.131,5.874,5.675,5.416,5.357,5.202,4.95,4.904,4.642,4.405,4.186,3.682
ATGtrpo393.txt_sp|Q5B0L1|ATG15_EMENI,33.102,17.668,11.99,9.963,8.284,7.827,7.272,6.058,5.319,5.284,4.779,4.622,4.017,3.986,3.612,3.527,3.404,3.137,2.945,2.645
ATGtrpo393.txt_sp|Q1DZE0|ATG15_COCIM,35.07,16.996,12.449,10.892,9.059,8.419,7.834,6.495,6.407,5.69,5.577,5.287,4.849,4.691,4.627,4.553,4.205,4.072,3.577,3.486
ATGtrpo393.txt_sp|Q2H6X2|ATG1_CHAGB,49.125,21.536,13.504,11.688,10.471,10.038,8.694,8.246,7.874,7.26,6.81,6.563,6.423,5.988,5.802,5.503,5.339,5.173,5.09,4.367
ATGtrpo393.txt_sp|Q2U0C3|ATG26_ASPOR,56.063,26.531,16.613,14.86,13.584,13.077,11.66,11.064,10.462,9.809,9.283,9.071,8.778,8.587,8.29,8.052,7.846,7.721,7.106,6.149
ATGtrpo393.txt_sp|F4I1N8|ATG1T_ARATH,29.437,17.391,9.878,8.666,7.105,6.652,5.669,5.518,5.276,5.025,4.331,4.019,3.958,3.358,3.332,3.145,3.075,2.973,2.772,2.451
ATGtrpo393.txt_sp|Q6CQ13|ATG10_KLULA,16.841,11.011,5.78,4.826,4.138,3.662,3.232,3.09,2.751,2.665,2.23,1.968,1.925,1.63,1.547,1.426,1.314,1.257,1.147,0.973
ATGtrpo393.txt_sp|Q75A48|ATG9_ASHGO,41.657,24.021,14.032,12.42,10.999,9.946,9.106,8.915,7.972,6.957,6.873,6.59,5.909,5.794,5.56,5.419,5.381,5.133,5.006,4.374
ATGtrpo393.txt_sp|W0TAA4|ATG29_KLUMD,18.097,9.988,5.883,4.926,4.72,3.352,2.852,2.725,2.458,2.2,1.93,1.713,1.577,1.466,1.378,1.241,1.079,0.97,0.83,0.676
ATGtrpo393.txt_sp|Q6CBC3|ATG7_YARLI,34.918,19.218,11.521,10.354,8.928,8.048,7.756,7.323,7.13,6.612,6.132,5.891,5.705,5.198,5.094,4.838,4.724,4.518,4.383,3.912
ATGtrpo393.txt_sp|A1CYS1|ATG26_NEOFI,56.431,26.679,17.327,15.107,13.876,13.485,11.887,11.295,10.99,10.055,9.588,9.202,9.14,8.747,8.378,8.348,8.024,7.979,7.492,6.656
ATGtrpo393.txt_sp|Q6BJP0|ATG10_DEBHA,21.144,12.396,7.47,5.448,4.469,3.62,3.099,2.65,2.539,2.318,2.229,1.753,1.51,1.272,1.221,1.123,1.028,0.921,0.896,0.717
ATGtrpo393.txt_sp|Q6BW58|ATG9_DEBHA,42.602,24.384,13.91,12.237,10.413,8.756,8.297,7.845,7.382,6.526,6.187,5.703,5.475,5.209,5.001,4.818,4.733,4.427,4.315,3.788
ATGtrpo393.txt_sp|A7KAK7|ATG27_PICAN,22.293,13.147,7.376,6.836,5.614,5.091,4.8,4.507,4.368,3.998,3.491,3.449,3.321,3.099,3.027,2.859,2.751,2.371,2.151,2.108
ATGtrpo393.txt_sp|I6LAD1|ATG30_PICPA,30.118,16.094,9.047,7.714,5.751,4.626,3.154,2.933,2.482,1.844,1.474,1.355,1.028,0.785,0.572,0.489,0.429,0.235,0.138,0.018
ATGtrpo393.txt_sp|Q6FQJ2|ATG3_CANGA,24.214,12.285,8.376,7.61,6.705,5.841,4.969,4.869,4.428,4.255,3.999,3.655,3.457,3.307,3.212,3.024,2.895,2.724,2.542,2.303
ATGtrpo393.txt_sp|A5DEF7|ATG4_PICGU,28.558,15.656,9.571,7.886,6.943,6.036,5.798,5.234,4.874,4.723,4.482,3.944,3.729,3.459,3.212,3.152,3.106,2.765,2.684,2.314
ATGtrpo393.txt_sp|Q6CL19|ATG3_KLULA,23.771,12.137,8.386,7.308,6.715,5.474,5.228,4.704,4.421,4.154,3.939,3.609,3.583,3.216,3.188,3.024,2.93,2.866,2.53,2.409
ATGtrpo393.txt_sp|Q54GT9|ATG5_DICDI,30.842,14.457,8.677,7.465,6.955,6.555,5.618,5.222,4.662,4.565,4.248,4.182,4.075,3.847,3.591,3.423,3.349,3.191,3.161,2.856
ATGtrpo393.txt_sp|Q8S924|AT12A_ARATH,13.118,7.675,5.064,4.639,3.334,3.154,2.951,2.545,2.516,2.358,2.148,2.01,1.838,1.745,1.476,1.392,1.135,1.079,0.899,0.75
ATGtrpo393.txt_sp|A1C7M3|AT221_ASPCL,34.503,19.867,12.101,10.688,7.758,7.684,7.492,6.501,6.109,5.795,5.627,5.494,5.238,5.019,4.65,4.545,4.477,4.272,3.83,3.58
ATGtrpo393.txt_sp|Q6FXR8|ATG8_CANGA,13.836,9.139,5.861,4.873,3.876,3.119,2.716,2.655,2.607,2.296,2.13,1.799,1.745,1.598,1.488,1.439,1.277,1.114,1.036,0.887
ATGtrpo393.txt_sp|A7KAI6|ATG7_PICAN,35.532,19.654,11.797,10.603,9.234,8.413,7.558,7.173,6.751,6.46,6.189,5.915,5.64,5.14,5.059,4.763,4.546,4.447,4.087,3.854
ATGtrpo393.txt_sp|Q9Y751|ATG26_KOMPG,52.505,25.784,15.613,14.53,12.54,12.039,10.662,10.531,10.287,9.277,8.711,8.584,8.424,8.101,7.926,7.6,7.456,7.114,6.932,5.895
ATGtrpo393.txt_sp|Q6FIW0|ATG27_CANGA,23.2,13.305,7.275,7.093,5.578,5.198,4.697,4.45,4.156,3.629,3.439,3.236,2.818,2.734,2.679,2.548,2.475,2.162,2.021,1.767
ATGtrpo393.txt_sp|A7TH64|ATG29_VANPO,21.597,11.278,6.176,5.411,4.768,3.448,3.24,2.752,2.273,2.178,1.786,1.44,1.382,1.274,1.17,1.123,1.048,0.937,0.839,0.61
ATGtrpo393.txt_sp|A7KAK6|ATG26_PICAN,52.7,26.179,16.031,14.487,12.674,12.169,10.652,10.379,10.179,9.196,8.973,8.787,8.512,8.163,7.603,7.53,7.461,7.282,7.172,6.026
ATGtrpo393.txt_sp|A3LQY1|ATG13_PICST,41.585,17.557,12.669,11.002,10.471,10.112,8.845,8.296,7.99,7.242,6.902,6.527,6.205,5.909,5.533,5.254,5.128,4.878,4.1,3.428
ATGtrpo393.txt_sp|Q2ULT1|ATG13_ASPOR,47.696,18.452,14.237,12.015,11.007,10.661,9.65,9.29,8.491,7.647,7.184,6.858,6.558,6.239,5.97,5.874,5.471,5.441,5.105,4.025
ATGtrpo393.txt_sp|Q5BH90|ATG16_EMENI,21.505,10.119,6.5,5.868,4.853,4.516,4.342,4.075,3.74,3.562,3.286,3.219,3.065,2.913,2.88,2.606,2.438,2.221,2.049,1.396
ATGtrpo393.txt_sp|Q6BIA1|ATG21_DEBHA,36.674,15.866,10.355,9.534,8.228,7.625,7.475,7.231,6.848,6.554,6.039,5.855,5.297,5.094,4.936,4.841,4.453,4.285,4.227,3.847
ATGtrpo393.txt_sp|Q5QJC0|ATG21_PICAN,31.903,15.918,9.201,8.483,6.993,6.1,5.941,5.768,5.381,4.671,4.493,3.958,3.835,3.568,3.438,3.28,3.085,2.96,2.788,2.371
ATGtrpo393.txt_sp|Q96U88|ATG18_NEUCR,33.049,16.242,10.024,8.767,7.812,6.971,6.425,6.172,5.99,5.334,5.002,4.722,4.441,4.281,3.979,3.876,3.869,3.485,3.242,2.936
ATGtrpo393.txt_sp|Q2HFE0|ATG22_CHAGB,35.407,20.874,12.716,10.899,8.233,8.125,7.555,6.481,6.095,5.771,5.678,5.518,5.345,5.155,4.984,4.74,4.508,4.178,3.847,3.61
ATGtrpo393.txt_sp|A7KAI8|ATG10_PICAN,16.938,10.481,6.188,4.808,3.608,3.177,2.628,2.499,2.278,2.053,1.905,1.658,1.412,1.231,1.06,0.946,0.869,0.756,0.72,0.673
ATGtrpo393.txt_sp|Q6P4T0|ATG2A_MOUSE,61.421,35.247,20.064,16.606,14.384,13.378,11.753,10.156,9.318,8.899,8.491,7.847,7.298,6.942,6.216,6.211,6.055,5.54,5.323,5.138
ATGtrpo393.txt_sp|Q8VYK7|ATG8F_ARATH,13.812,9.267,5.862,4.938,3.978,3.307,2.818,2.56,2.341,2.209,1.962,1.666,1.597,1.48,1.308,1.199,1.063,1.029,0.906,0.748
ATGtrpo393.txt_sp|Q2GV40|ATG18_CHAGB,31.388,15.356,9.386,8.259,7.132,6.505,6.227,6.038,5.742,5.213,4.919,4.727,4.326,4.141,4.074,3.649,3.614,3.264,3.179,3.122
ATGtrpo393.txt_sp|Q6BGV9|ATG7_DEBHA,36.23,20.133,11.863,10.465,9.443,8.608,7.782,7.377,7.08,6.407,6.274,5.757,5.633,5.478,5.036,4.782,4.593,4.52,4.267,3.983
ATGtrpo393.txt_sp|W0TCD0|ATG2_KLUMD,55.175,33.004,16.698,14.886,13.925,11.697,11.259,10.393,9.451,8.976,8.838,8.412,8.044,7.827,7.361,7.112,6.781,6.215,6.059,4.861
ATGtrpo393.txt_sp|Q5A1Z5|ATG13_CANAL,40.564,18.732,12.603,10.333,10.093,9.387,7.744,7.394,6.717,6.265,5.997,5.658,5.202,4.727,4.412,4.023,3.923,3.779,3.623,2.921
ATGtrpo393.txt_sp|Q751W1|ATG22_ASHGO,30.403,18.81,11.694,10.167,7.234,6.982,6.839,5.865,5.658,5.371,5.237,4.987,4.827,4.55,4.327,3.987,3.837,3.657,3.562,3.42
ATGtrpo393.txt_sp|A7TTC8|ATG21_VANPO,32.851,15.352,9.674,8.572,7.389,6.709,6.321,6.212,6.046,5.594,4.924,4.809,4.496,4.354,4.237,3.914,3.866,3.563,3.43,2.996
ATGtrpo393.txt_sp|Q5B993|ATG11_EMENI,62.767,24.396,13.932,11.035,10.474,9.348,8.662,8.334,8.002,7.541,7.004,6.806,6.563,6.523,6.382,6.095,5.888,5.687,5.41,5.014
ATGtrpo393.txt_sp|A7E7N1|AT221_SCLS1,33.236,20.177,12.349,10.793,7.644,7.425,7.372,6.233,5.992,5.5,5.243,5.1,5.01,4.79,4.573,4.276,4.093,3.721,3.606,3.375
ATGtrpo393.txt_sp|Q4P683|ATG9_USTMA,37.557,23.238,13.881,12.264,9.658,8.05,7.821,6.884,6.486,5.812,5.585,5.102,4.909,4.575,4.266,4.058,3.833,3.719,3.554,3.25
ATGtrpo393.txt_sp|P60521|GBRL2_MOUSE,13.682,9.161,5.832,4.862,3.839,3.119,2.745,2.664,2.593,2.293,2.154,1.807,1.774,1.614,1.481,1.414,1.275,1.1,1.057,0.91
ATGtrpo393.txt_sp|Q23536|LGG2_CAEEL,14.769,9.541,5.929,5.058,4.167,3.414,3.036,2.889,2.674,2.299,2.119,1.998,1.695,1.643,1.538,1.46,1.248,1.122,0.963,0.886
ATGtrpo393.txt_sp|O42651|ATG17_SCHPO,30.343,15.076,8.858,7.872,7.751,6.461,6.02,5.886,5.599,5.389,5.177,5.06,4.909,4.734,4.435,4.39,4.176,4.022,3.843,2.851
ATGtrpo393.txt_sp|V6QX21|ATG22_GIBZE,36.217,20.641,12.615,11.14,8.175,8.006,7.773,6.657,6.398,6.06,5.852,5.662,5.342,5.205,4.971,4.824,4.539,4.258,4.021,3.994
ATGtrpo393.txt_sp|Q872W1|ATG17_NEUCR,34.666,17.122,10.953,8.872,8.795,7.2,6.872,6.426,6.137,5.647,5.365,5.118,4.924,4.793,4.619,4.517,4.131,3.974,3.509,3.147
ATGtrpo393.txt_sp|Q5A6K2|ATG22_CANAL,30.94,18.207,11.57,10.242,7.252,7.097,6.295,6.113,5.991,5.46,5.423,5.309,5.126,4.771,4.515,4.362,4.176,3.89,3.577,3.28
ATGtrpo393.txt_sp|Q6FX92|ATG22_CANGA,31.611,19.066,11.92,10.491,7.5,7.138,7.124,5.836,5.694,5.477,5.268,5.034,4.832,4.529,4.398,4.202,4.092,3.529,3.517,3.277
ATGtrpo393.txt_sp|Q9UTD5|ATG10_SCHPO,18.488,12.769,6.521,5.522,3.945,2.867,2.365,2.276,2.048,1.421,1.287,0.972,0.761,0.611,0.413,0.385,0.279,0.22,0.11,0.007
ATGtrpo393.txt_sp|Q54G11|ATG8L_DICDI,14.437,9.476,5.795,4.891,4.112,3.278,2.902,2.58,2.375,2.263,2.011,1.719,1.638,1.466,1.38,1.295,1.193,1.122,1.012,0.824
ATGtrpo393.txt_sp|A7KAM8|ATG18_PENRW,32.843,16.229,9.773,8.67,7.61,6.691,6.49,6.399,6.004,5.172,4.965,4.756,4.329,4.094,3.856,3.561,3.537,3.382,3.305,2.925
ATGtrpo393.txt_sp|Q5A5S7|ATG27_CANAL,21.39,13.027,7.051,6.675,5.361,5.154,4.882,4.462,3.958,3.801,3.562,3.179,3.028,2.914,2.861,2.619,2.569,2.369,2.121,1.875
ATGtrpo393.txt_sp|A4D9P4|ATG12_ASPFU,19.013,9.28,6.154,5.197,4.82,4.527,3.934,3.609,3.363,3.104,2.906,2.85,2.75,2.558,2.291,2.19,2.017,1.588,1.508,1.208
ATGtrpo393.txt_sp|Q871U2|ATG7_NEUCR,38.756,19.824,12.196,10.387,9.449,8.534,7.978,7.529,7.225,6.793,6.51,6.153,6.022,5.704,5.26,5.043,4.869,4.639,4.393,4.035
ATGtrpo393.txt_sp|O43069|ATG7_SCHPO,36.705,19.858,11.712,10.493,9.229,8.293,7.877,7.3,7.173,6.672,6.254,6.097,5.815,5.496,5.146,5.068,4.6,4.52,4.454,4.088
ATGtrpo393.txt_sp|Q5QFG1|ATG8_PICAN,14.47,9.368,5.852,5.004,4.01,3.215,2.825,2.759,2.741,2.355,2.186,1.887,1.737,1.699,1.526,1.43,1.339,1.276,1.067,0.975
ATGtrpo393.txt_sp|Q0WPK3|AT18D_ARATH,31.084,15.727,9.527,8.628,7.04,6.526,6.186,5.921,5.704,5.155,4.767,4.574,4.176,3.834,3.785,3.442,3.412,3.312,3.2,2.544
ATGtrpo393.txt_sp|Q6FM20|CIS1_CANGA,19.168,11.826,5.691,4.95,4.733,3.047,2.9,2.812,2.467,2.109,1.804,1.612,1.457,1.242,1.098,1.036,0.932,0.855,0.796,0.533
ATGtrpo393.txt_sp|Q6KAU8|A16L2_MOUSE,40.256,19.182,11.587,10.657,8.937,8.3,7.65,7.45,7.024,6.405,5.984,5.72,5.563,5.504,5.078,4.889,4.794,4.642,4.302,3.76
ATGtrpo393.txt_sp|Q69NP0|ATG12_ORYSJ,12.849,7.667,5.016,4.432,3.475,2.945,2.792,2.639,2.451,2.347,2.086,1.865,1.825,1.598,1.48,1.365,1.144,1.078,0.913,0.633
ATGtrpo393.txt_sp|Q871L5|ATG2_NEUCR,64.733,35.069,20.23,16.467,16.311,16.064,13.649,12.167,11.191,10.996,10.219,9.674,9.487,8.77,8.275,8.111,7.799,7.374,6.788,5.785
ATGtrpo393.txt_sp|Q6C2F5|ATG9_YARLI,37.857,23.341,13.455,11.775,9.957,8.994,8.363,8.132,7.797,6.489,6.114,5.911,5.453,5.181,5.004,4.895,4.768,4.663,4.454,3.742
ATGtrpo393.txt_sp|Q99325|ATG40_YEAST,22.518,15.257,8.629,6.702,4.394,3.236,2.97,2.471,2.145,1.436,1.071,0.919,0.733,0.676,0.427,0.419,0.394,0.28,0.118,0.007
ATGtrpo393.txt_sp|Q4WNA5|ATG5_ASPFU,26.391,13.918,8.405,7.281,6.541,6.109,5.134,4.939,4.784,4.628,4.562,4.116,3.943,3.758,3.548,3.395,3.273,3.194,3.045,2.75
ATGtrpo393.txt_sp|K8ESC5|ATG41_CAEEL,31.402,16.834,9.91,8.732,7.602,6.721,6.299,6.15,5.457,5.286,5.188,4.601,4.337,4.123,3.854,3.605,3.426,3.374,3.136,2.866
ATGtrpo393.txt_sp|A5DWA7|ATG5_LODEL,23.918,13.449,8.142,6.695,6.392,5.985,5.308,4.915,4.756,4.537,4.4,4.241,4.077,3.623,3.458,3.407,3.234,3.184,2.902,2.804
ATGtrpo393.txt_sp|Q8TGI1|ATG1_PICPA,44.326,20.91,12.868,10.888,10.148,9.379,8.314,7.72,7.698,7.067,6.897,6.331,6.037,5.783,5.379,5.276,5.142,4.805,4.608,4.132
ATGtrpo393.txt_sp|A2QIL5|ATG1_ASPNC,49.702,22.281,14.569,12.025,10.779,10.537,8.916,8.758,8.497,7.894,7.458,7.224,6.696,6.538,6.396,6.099,5.826,5.685,5.583,4.932
ATGtrpo393.txt_sp|P0CM38|ATG7_CRYNJ,37.257,20.028,11.681,10.493,9.302,8.275,7.631,7.398,7.116,6.651,6.241,6.025,5.807,5.622,5.349,4.949,4.626,4.528,4.451,3.785
ATGtrpo393.txt_sp|Q5AMN3|ATG11_CANAL,60.116,23.454,12.16,11.272,10.203,9.542,9.112,8.594,8.144,7.628,7.003,6.88,6.515,6.347,6.26,6.025,5.858,5.463,5.363,5.307
ATGtrpo393.txt_sp|Q9XEB5|ATG8B_ARATH,13.902,9.243,6.05,4.88,4.061,3.169,2.686,2.559,2.467,2.253,2.148,1.689,1.577,1.521,1.378,1.31,1.218,1.042,0.993,0.787
ATGtrpo393.txt_sp|A7TFH9|ATG27_VANPO,22.028,13.597,7.25,6.832,5.439,5.159,4.622,4.223,3.938,3.762,3.427,3.376,2.935,2.885,2.816,2.611,2.564,2.387,2.14,1.98
ATGtrpo393.txt_sp|Q4WLK5|ATG2_ASPFU,67.604,35.291,20.548,17.314,16.606,16.244,13.881,12.721,11.737,11.462,11.017,10.213,9.825,9.456,8.975,8.822,8.528,7.821,7.273,6.282
ATGtrpo393.txt_sp|A5DWI6|ATG8_LODEL,16.079,9.916,6.027,5.21,4.316,3.592,3.095,2.907,2.736,2.534,2.394,2.081,2.024,1.801,1.762,1.514,1.434,1.409,1.134,1.075
ATGtrpo393.txt_sp|A7TMC5|ATG23_VANPO,34.128,15.84,8.904,8.14,7.466,6.917,6.475,6.214,6.162,5.798,5.582,5.226,5.137,4.949,4.661,4.068,3.987,3.95,3.424,3.225
ATGtrpo393.txt_sp|Q7RX99|ATG1_NEUCR,50.068,21.545,13.471,11.839,10.736,10.286,8.646,8.508,7.936,7.505,7.199,7.006,6.736,6.29,6.12,5.874,5.52,5.389,5.245,4.668
ATGtrpo393.txt_sp|Q5AZC0|ATG17_EMENI,34.478,17.852,10.621,8.635,8.436,6.909,6.624,6.285,5.786,5.452,5.335,4.921,4.757,4.606,4.433,4.22,4.122,4.007,3.587,3.012
ATGtrpo393.txt_sp|A5DIB1|ATG16_PICGU,19.925,9.308,5.381,5.141,4.544,4.057,3.869,3.604,3.416,3.378,3.099,3.003,2.78,2.75,2.728,2.457,2.159,2.102,1.861,1.78
ATGtrpo393.txt_sp|O94656|ATG16_SCHPO,18.618,10.924,5.162,4.361,3.63,2.602,1.56,1.437,1.205,1.141,0.783,0.768,0.589,0.508,0.42,0.319,0.243,0.158,0.017,0
ATGtrpo393.txt_sp|Q6CNX6|ATG20_KLULA,40.414,17.744,10.946,9.736,9.002,8.053,7.8,7.407,6.976,6.449,6.172,5.995,5.725,5.518,5.399,5.366,5.149,5.065,4.847,4.226
ATGtrpo393.txt_sp|Q7S083|ATG12_NEUCR,17.317,9.694,6.201,5.136,4.737,4.367,3.677,3.23,3.026,2.819,2.728,2.641,2.432,2.285,2.156,1.818,1.738,1.586,1.325,1.279
ATGtrpo393.txt_sp|Q1E6Q3|ATG9_COCIM,41.497,24.442,14.52,12.968,11.108,9.865,9.205,8.461,7.764,6.717,6.598,6.065,5.36,5.163,5.042,4.833,4.733,4.602,4.253,3.844
ATGtrpo393.txt_sp|A2QFJ9|AT221_ASPNC,34.942,19.89,12.267,10.466,7.853,7.571,7.307,6.374,6.02,5.8,5.633,5.578,5.187,4.944,4.859,4.493,4.371,4.236,3.781,3.529
ATGtrpo393.txt_sp|A6R6E3|ATG2_AJECN,68.018,33.589,20.42,17.161,16.455,16.117,13.715,12.387,12.139,11.459,11.105,10.305,9.572,9.497,9.404,9.111,8.737,8.225,7.667,7.349
ATGtrpo393.txt_sp|Q6TGJ4|ATG9_CRYGA,38.117,22.771,12.933,11.585,8.867,7.531,7.442,6.49,6.246,5.593,5.202,5.014,4.513,4.416,3.932,3.729,3.605,3.468,3.422,2.981
ATGtrpo393.txt_sp|A2QSC9|ATG2_ASPNC,68.047,35.674,20.972,17.386,17.049,16.556,14.277,12.781,12.069,11.611,10.806,10.401,10.013,9.61,8.951,8.801,8.599,7.806,7.631,6.433
ATGtrpo393.txt_sp|P0CO55|ATG8_CRYNB,14.375,9.639,5.845,5.072,4.197,3.186,2.792,2.406,2.311,2.274,1.943,1.621,1.567,1.486,1.388,1.229,1.126,1.064,0.946,0.771
ATGtrpo393.txt_sp|I1RW37|ATG13_GIBZE,46.777,18.104,14.19,11.635,10.819,10.634,9.219,8.675,8.452,7.462,7.285,6.843,6.5,6.436,5.937,5.563,5.296,5.094,5.044,3.928
ATGtrpo393.txt_sp|Q4X180|ATG15_ASPFU,35.609,17.799,12.795,10.61,9.129,8.388,7.616,6.527,6.042,5.799,5.358,5.091,4.854,4.689,4.298,4.259,4.101,3.973,3.68,3.163
ATGtrpo393.txt_sp|Q6NNP0|ATG16_ARATH,36.331,18.566,10.995,9.622,7.873,7.425,6.911,6.381,6.104,5.798,5.151,4.951,4.491,4.246,4.069,3.94,3.87,3.686,3.314,2.769
ATGtrpo393.txt_sp|Q0CXU6|ATG15_ASPTN,33.842,17.137,12.512,10.335,8.639,7.956,7.757,6.228,5.499,5.325,5.12,4.875,4.385,4.242,4.061,3.848,3.518,3.382,3.195,2.784
ATGtrpo393.txt_sp|Q4WVD0|ATG18_ASPFU,32.78,16.331,10.243,8.523,7.91,6.847,6.624,6.407,6.244,5.313,4.949,4.622,4.322,4.244,4.092,3.827,3.59,3.532,3.307,2.861
ATGtrpo393.txt_sp|Q06671|ATG23_YEAST,31.556,16.075,8.872,7.791,6.806,6.339,5.34,5.217,5.085,4.604,4.423,4.218,4.073,3.756,3.546,2.995,2.85,2.777,2.47,1.947
ATGtrpo393.txt_sp|Q6BU30|ATG12_DEBHA,17.515,9.689,5.916,4.813,4.443,4.019,3.408,3.017,2.933,2.682,2.496,2.416,2.186,2.052,1.82,1.665,1.584,1.358,1.184,1.032
ATGtrpo393.txt_sp|Q6FWS7|ATG10_CANGA,17.176,10.519,6.286,4.949,4.196,3.552,3.169,3.04,2.879,2.667,2.366,2.17,1.935,1.812,1.762,1.671,1.493,1.364,1.267,1.141
ATGtrpo393.txt_sp|Q5AW93|AT221_EMENI,33.927,19.546,12.003,10.479,7.862,7.545,7.432,6.512,5.74,5.639,5.471,5.324,5.147,5.056,4.66,4.589,4.373,4.115,3.827,3.394
ATGtrpo393.txt_sp|Q6FXH5|ATG33_CANGA,21.204,11.432,7.012,5.641,4.081,3.71,3.417,2.866,2.577,2.229,2.147,1.763,1.523,1.261,1.127,1.065,0.965,0.922,0.742,0.635
ATGtrpo393.txt_sp|A7THN6|ATG33_VANPO,19.425,10.995,6.866,5.751,4.307,4.034,3.614,2.924,2.695,2.619,2.591,2.133,1.657,1.573,1.326,1.224,1.118,1.051,0.937,0.723
ATGtrpo393.txt_sp|C7GRY1|ATG33_YEAS2,19.425,11.771,6.641,5.581,3.874,3.53,3.338,2.481,2.257,2.065,1.604,1.43,1.122,0.979,0.866,0.847,0.674,0.662,0.558,0.522
ATGtrpo393.txt_sp|Q0V1P1|AT151_PHANO,33.247,17.867,11.941,9.85,8.239,7.517,6.939,5.825,5.46,4.814,4.366,4.077,3.684,3.294,3.276,3.13,3.083,2.85,2.57,2.316
ATGtrpo393.txt_sp|Q0CRF3|ATG5_ASPTN,25.232,13.68,8.208,7.332,6.577,6.262,5.253,5.177,4.865,4.634,4.426,4.167,4.099,3.941,3.454,3.384,3.316,3.258,3.112,2.987
ATGtrpo393.txt_sp|J5JH39|ATG5_BEAB2,22.724,13.21,7.794,6.94,6.006,5.612,4.658,4.499,4.052,3.938,3.682,3.451,3.331,3.291,3.132,2.946,2.847,2.643,2.526,2.171
ATGtrpo393.txt_sp|Q86ZL5|ATG4_PODAS,31.052,16.771,10.542,8.946,7.967,7.251,6.759,6.056,5.568,5.25,5.109,4.488,4.183,4.022,3.553,3.47,3.304,3.175,2.845,2.737
ATGtrpo393.txt_sp|A7F045|ATG4_SCLS1,29.372,15.755,9.573,8.438,7.634,6.913,6.436,5.815,5.223,4.948,4.857,4.468,4.23,4.138,3.306,3.297,3.081,3.027,2.914,2.632
ATGtrpo393.txt_sp|A1CJ08|ATG4_ASPCL,27.686,15.349,9.477,8.181,7.658,6.486,6.147,5.751,5.238,5.155,4.672,4.474,3.97,3.807,3.599,3.143,3.101,2.959,2.841,2.485
ATGtrpo393.txt_sp|Q08DY8|ATG13_BOVIN,31.096,17.74,9.92,8.335,7.315,6.628,5.53,4.846,4.734,4.084,3.823,3.564,3.316,3.098,2.832,2.705,2.61,2.422,2.335,2.118
ATGtrpo393.txt_sp|Q1DKJ3|ATG18_COCIM,31.693,16.034,10.158,8.903,7.694,6.645,6.577,6.171,5.943,5.479,5.264,4.948,4.544,4.367,4.142,3.876,3.746,3.617,3.346,3.049
ATGtrpo393.txt_sp|I1RFS8|ATG16_GIBZE,22.055,9.643,6.17,5.591,4.809,4.554,4.231,4.146,3.814,3.609,3.476,3.402,3.282,3.057,2.922,2.747,2.525,2.347,2.258,1.494
ATGtrpo393.txt_sp|A5DHI9|ATG18_PICGU,38.92,17.375,10.857,9.719,8.24,7.639,7.383,7.086,6.762,6.039,5.895,5.596,4.892,4.668,4.556,4.509,4.349,4.206,3.922,3.28
ATGtrpo393.txt_sp|Q8X1F5|ATG18_PICPA,37.57,17.107,10.41,9.342,8.326,7.862,7.184,6.963,6.791,5.93,5.71,5.507,5.345,5.11,4.648,4.512,4.328,4.131,3.817,3.315
ATGtrpo393.txt_sp|Q52EB3|ATG1_MAGO7,50.16,21.225,13.96,11.836,11.012,10.165,8.692,8.529,8.362,8.043,7.614,7.016,6.943,6.427,6.124,6.026,5.894,5.785,5.575,4.828
ATGtrpo393.txt_sp|Q5AI22|ATG21_CANAL,36.81,15.802,10.575,9.41,8.124,7.899,7.466,7.008,6.539,6.488,6.207,5.784,5.628,5.051,4.912,4.652,4.57,4.442,4.249,3.745
ATGtrpo393.txt_sp|P87248|ATG1_COLLN,42.183,18.864,11.543,10.168,8.761,8.217,7.036,6.853,6.495,6.137,5.75,5.199,5.122,4.981,4.747,4.578,4.334,4.252,4.036,3.56
ATGtrpo393.txt_sp|Q09812|ATG22_SCHPO,31.539,18.709,11.636,10.014,7.294,7.132,6.966,5.98,5.776,5.573,5.223,5.08,4.927,4.66,4.374,4.201,4.18,3.695,3.342,3.223
ATGtrpo393.txt_sp|Q1E8C2|ATG12_COCIM,19.414,9.793,6.475,4.981,4.902,4.576,3.909,3.443,3.231,3.007,2.874,2.693,2.598,2.544,2.237,2.111,1.964,1.701,1.503,1.252
ATGtrpo393.txt_sp|A5DEX5|ATG9_PICGU,39.429,23.713,13.649,11.665,9.868,8.818,7.994,7.727,7.318,6.284,5.901,5.722,5.306,5.101,4.956,4.585,4.366,4.308,4.228,3.819
ATGtrpo393.txt_sp|Q753M9|ATG32_ASHGO,29.274,18.044,9.844,8.01,6.517,5.658,5.127,4.014,3.878,3.3,3.263,2.796,2.224,2.009,1.574,1.539,1.362,1.255,1.026,0.94
ATGtrpo393.txt_sp|Q0U388|ATG3_PHANO,25.963,12.709,8.772,7.864,7.245,6.011,5.582,5.138,4.822,4.671,4.476,4.142,3.925,3.884,3.489,3.248,3.177,2.962,2.955,2.827
ATGtrpo393.txt_sp|A5DIV5|BECN1_PICGU,31.201,15.865,9.887,8.42,7.494,6.491,6.147,5.923,5.7,5.434,5.238,4.904,4.802,4.668,4.269,4.194,4.053,3.675,3.454,3.331
ATGtrpo393.txt_sp|I1S8Q3|ATG26_GIBZE,57.011,26.913,16.95,15.294,14.136,13.21,12.014,11.518,11.038,10.224,9.363,9.275,8.87,8.654,8.462,8.205,8,7.904,7.636,6.522
ATGtrpo393.txt_sp|Q6CUD5|ATG12_KLULA,20.291,9.752,6.399,5.51,4.653,4.578,3.701,3.645,3.201,2.96,2.825,2.786,2.648,2.289,2.141,2.033,1.941,1.664,1.465,1.233
ATGtrpo393.txt_sp|Q86CR6|ATG12_DICDI,15.672,8.372,5.449,4.775,4.203,3.779,3.338,3.096,2.959,2.707,2.577,2.436,2.29,2.134,1.964,1.841,1.674,1.599,1.541,1.272
ATGtrpo393.txt_sp|Q6CTU8|ATG29_KLULA,17.97,10.116,5.643,4.714,4.461,2.939,2.531,2.391,2.051,1.974,1.583,1.436,1.387,1.323,1.194,1.024,0.809,0.742,0.619,0.51
ATGtrpo393.txt_sp|A1CUF9|ATG2_ASPCL,66.115,34.874,21.195,17.026,16.82,16.351,13.861,12.423,12.016,11.334,10.864,10.088,9.359,9.156,8.618,8.244,8.195,7.569,7.372,6.161
ATGtrpo393.txt_sp|Q6BM18|ATG27_DEBHA,23.027,13.758,7.443,7.157,5.676,5.296,4.828,4.581,3.875,3.666,3.362,3.005,2.919,2.81,2.604,2.439,2.335,2.092,1.866,1.609
ATGtrpo393.txt_sp|Q6C4Y4|ATG16_YARLI,14.525,8.049,4.238,3.491,3.351,2.92,2.537,2.351,2.05,1.899,1.693,1.647,1.419,1.361,1.289,1.093,0.968,0.867,0.76,0.279
ATGtrpo393.txt_sp|Q6BLM0|ATG15_DEBHA,34.388,17.817,11.747,9.681,8.53,7.548,6.98,5.941,5.532,4.877,4.85,4.384,3.883,3.683,3.633,3.262,3.181,2.973,2.859,2.328
ATGtrpo393.txt_sp|A7TTE2|ATG13_VANPO,37.251,17.323,11.772,10.419,9.781,9.622,8.13,7.419,7.241,6.644,6.432,6.169,5.811,5.543,5.395,5.174,4.867,4.581,4.26,3.387
ATGtrpo393.txt_sp|A7KAJ8|ATG13_PICAN,39.424,17.146,11.962,10.393,10.06,9.573,8.464,8.153,7.908,7.145,6.755,6.567,6.016,5.875,5.805,5.547,5.28,4.926,4.67,3.129
ATGtrpo393.txt_sp|A7KAJ9|ATG15_PICAN,30.57,17.443,11.862,9.601,7.898,7.097,6.62,5.594,5.212,4.81,4.525,4.14,3.678,3.546,3.491,3.206,3.014,2.884,2.597,2.392
ATGtrpo393.txt_sp|A5DC90|ATG15_PICGU,32.902,17.233,11.377,9.343,8.291,7.242,6.854,5.951,5.537,4.846,4.607,4.177,4.015,3.681,3.544,3.358,3.296,3.142,2.684,2.561
ATGtrpo393.txt_sp|O42862|ATG14_SCHPO,28.749,16.724,9.327,8.062,5.516,4.535,3.666,3.621,3.226,2.808,2.706,2.035,1.911,1.702,1.491,1.421,1.342,1.187,0.989,0.888
ATGtrpo393.txt_sp|Q75F47|ATG18_ASHGO,36.913,17.275,10.395,9.611,7.888,7.679,7.34,6.967,6.733,5.936,5.829,5.59,5.103,4.912,4.595,4.516,4.137,3.992,3.91,3.317
ATGtrpo393.txt_sp|A6RYB8|ATG1_BOTFB,49.654,21.452,13.399,11.708,10.557,10.243,8.535,8.431,8.072,7.448,7.155,7.012,6.691,6.137,5.954,5.789,5.67,5.467,5.368,4.643
ATGtrpo393.txt_sp|A1C7E5|ATG17_ASPCL,34.975,17.869,10.593,8.902,8.587,6.947,6.596,6.393,6.081,5.794,5.57,5.183,4.895,4.637,4.35,4.181,4.061,3.892,3.88,3.262
ATGtrpo393.txt_sp|Q4WHN5|ATG13_ASPFU,47.214,18.814,14.307,11.653,10.968,10.621,9.339,8.673,8.409,7.467,7.102,6.827,6.35,5.904,5.8,5.644,5.446,5.066,4.499,4.225
ATGtrpo393.txt_sp|Q4WY31|ATG11_ASPFU,61.833,24.386,13.616,11.089,10.705,9.51,9.092,8.535,8.057,8.017,7.281,7.093,6.996,6.79,6.273,6.187,6.018,5.639,5.513,5.158
ATGtrpo393.txt_sp|Q756G8|ATG7_ASHGO,35.905,19.617,11.572,10.059,8.951,8.503,8.085,7.265,6.625,6.432,6.223,5.956,5.856,5.49,5.22,4.889,4.667,4.537,4.279,3.997
ATGtrpo393.txt_sp|W0T3G1|ATG31_KLUMD,16.435,10.773,4.887,4.534,4.161,2.765,2.7,2.33,2.18,1.884,1.549,1.477,1.231,1.129,1.049,0.946,0.846,0.758,0.681,0.608
ATGtrpo393.txt_sp|Q0CL24|AT222_ASPTN,34.003,19.679,12.099,10.538,7.601,7.584,7.351,6.132,5.819,5.75,5.495,5.401,5.068,4.961,4.76,4.508,4.245,4.203,3.762,3.656
ATGtrpo393.txt_sp|Q1E891|ATG13_COCIM,48.006,18.076,14.135,12.036,11.488,11.151,9.645,9.244,8.585,7.911,7.663,7.199,6.958,6.644,6.065,5.881,5.686,5.368,5.057,3.953
ATGtrpo393.txt_sp|P0CO60|ATG15_CRYNJ,31.344,16.881,11.188,9.822,7.614,6.899,6.273,5.293,4.976,4.289,4.146,3.688,3.514,3.404,3.155,3.011,2.94,2.735,2.419,2.239
ATGtrpo393.txt_sp|Q4PHZ2|ATG15_USTMA,30.949,17.049,11.15,9.582,7.654,6.689,6.274,5.292,4.991,4.511,3.989,3.789,3.518,3.278,3.22,3.104,3.005,2.875,2.539,2.152
ATGtrpo393.txt_sp|A7TPY4|ATG18_VANPO,38.656,16.931,10.743,9.556,8.375,7.761,7.431,6.979,6.867,6.748,5.852,5.729,5.529,5.418,4.831,4.518,4.458,4.341,4.148,3.481
ATGtrpo393.txt_sp|I1RKA1|ATG18_GIBZE,33.671,16.083,10.335,8.744,7.96,7.012,6.733,6.599,6.274,5.76,5.416,5.3,4.981,4.719,4.23,4.177,4.012,3.919,3.716,3.3
ATGtrpo393.txt_sp|Q1DN93|ATG1_COCIM,50.503,21.668,13.729,11.807,10.685,9.885,8.518,8.336,7.772,7.511,6.951,6.582,6.528,6.033,5.794,5.647,5.577,5.382,5.051,4.467
ATGtrpo393.txt_sp|Q4WPF2|ATG1_ASPFU,50.315,21.584,13.834,11.667,10.778,10.13,8.782,8.317,7.867,7.314,6.908,6.62,6.53,5.98,5.816,5.782,5.512,5.372,5.136,4.356
ATGtrpo393.txt_sp|Q8TFN2|ATG1_PICAN,43.883,20.924,13.173,11.275,10.105,9.528,8.172,7.801,7.724,7.142,6.832,6.416,6.318,5.938,5.565,5.386,5.334,5.075,4.955,4.451
ATGtrpo393.txt_sp|A0A0E0RMV2|ATG10_GIBZE,20.764,12.959,7.69,6.201,4.805,4.021,3.449,3.189,2.907,2.504,2.293,1.813,1.507,1.406,1.261,1.208,1.042,0.98,0.959,0.784
ATGtrpo393.txt_sp|P0CM41|ATG9_CRYNB,41.732,24.145,14.035,12.459,9.544,8.123,7.968,7.122,6.623,5.785,5.641,5.061,4.795,4.623,4.18,3.979,3.848,3.756,3.669,3.193
ATGtrpo393.txt_sp|G2XNY3|ATG3_BOTF4,26.82,12.711,8.665,7.962,7.407,6.031,5.814,5.236,5.038,4.865,4.576,4.093,4.015,3.793,3.636,3.443,3.37,3.218,2.846,2.757
ATGtrpo393.txt_sp|A5DZ34|ATG27_LODEL,22.593,13.491,7.212,6.94,5.747,5.228,4.899,4.481,4.053,3.736,3.498,3.085,3.014,2.88,2.822,2.651,2.544,2.215,2.138,1.85
ATGtrpo393.txt_sp|I1RX50|ATG3_GIBZE,25.874,12.685,8.617,7.715,7.383,5.703,5.442,4.933,4.617,4.569,4.271,3.867,3.728,3.57,3.464,3.102,3.05,3.03,2.802,2.585
ATGtrpo393.txt_sp|Q8GUL1|AT18G_ARATH,46.535,23.472,14.449,12.451,9.566,8.761,8.606,7.805,7.668,7,6.196,6.094,5.593,5.435,5.221,4.906,4.797,4.614,4.358,3.877
ATGtrpo393.txt_sp|Q68EP9|ATG4C_XENTR,30.156,15.757,9.644,8.788,7.863,6.574,6.386,5.856,5.422,5.207,4.996,4.304,4.164,4.079,3.657,3.503,3.359,3.27,2.888,2.784
ATGtrpo393.txt_sp|Q755K1|ATG3_ASHGO,22.731,12.311,8.337,7.358,6.575,5.214,5.056,4.304,4.11,3.869,3.689,3.412,3.209,3.027,2.828,2.818,2.453,2.414,2.282,2.006
ATGtrpo393.txt_sp|A2QY50|ATG4_ASPNC,28.196,15.427,9.36,8.106,7.536,6.669,6.337,5.648,5.412,5.182,4.61,4.437,4.225,4.11,3.84,3.587,3.327,3.276,3.084,2.876
ATGtrpo393.txt_sp|Q6CQ60|ATG4_KLULA,29.947,16.435,9.598,8.518,7.76,6.772,6.454,6.327,5.585,5.299,5.005,4.648,4.285,4.1,3.673,3.575,3.531,3.346,3.078,3.012
ATGtrpo393.txt_sp|Q640G7|ATG4B_XENLA,26.76,15.369,9.107,8.077,7.25,6.137,5.911,5.719,5.108,4.919,4.738,3.937,3.852,3.818,3.425,3.299,3.149,3.062,2.989,2.681
ATGtrpo393.txt_sp|A7KAL2|ATG1_PENRW,49.457,21.531,14.076,11.947,10.619,10.072,8.856,8.35,7.939,7.528,7.114,6.692,6.479,6.122,5.954,5.716,5.528,5.313,5.28,4.414
ATGtrpo393.txt_sp|Q9USM8|ATG20_SCHPO,36.676,16.637,10.167,9.692,8.786,7.852,7.442,6.954,6.547,6.39,6.128,5.889,5.805,5.694,5.455,5.353,5.072,5.01,4.808,4.37
ATGtrpo393.txt_sp|Q6JUT9|ATG25_PICAN,29.288,16.974,8.343,7.785,6.361,4.384,3.215,3.161,3.069,2.79,2.019,1.961,1.786,1.502,1.397,1.366,1.318,1.196,1.023,0.889
ATGtrpo393.txt_sp|Q755X2|ATG8_ASHGO,14.163,9.186,5.781,4.745,3.984,3.183,2.746,2.663,2.586,2.358,2.168,1.975,1.719,1.646,1.523,1.456,1.291,1.06,0.919,0.88
ATGtrpo393.txt_sp|A7KAI7|ATG9_PICAN,41.802,23.857,13.935,12.48,10.944,9.765,8.975,8.852,8.235,7.035,6.763,6.696,6.065,5.98,5.832,5.643,5.582,5.297,5.211,4.661
ATGtrpo393.txt_sp|A7KAL3|ATG2_PENRW,65.722,35.123,20.577,16.717,16.47,16.062,13.933,12.504,11.801,11.269,11.042,10.104,9.398,9.254,8.623,8.208,7.862,7.528,7.291,6.198
ATGtrpo393.txt_sp|Q55EL2|ATG10_DICDI,21.522,12.014,7.397,6.228,5.379,4.816,4.062,3.949,3.738,3.41,3.166,2.975,2.746,2.607,2.361,2.264,2.241,2.206,2.082,1.694
ATGtrpo393.txt_sp|A7TM79|ATG2_VANPO,57.067,33.666,16.749,15.334,14.068,11.803,11.442,10.416,9.63,8.938,8.65,8.387,8.266,7.781,7.303,7.106,6.785,6.443,6.014,4.766
ATGtrpo393.txt_sp|Q6FRR4|ATG32_CANGA,32.002,18.664,10.346,8.671,6.312,5.567,4.916,3.859,3.54,3.319,2.74,2.468,2.131,1.969,1.585,1.496,1.416,1.393,1.077,0.993
ATGtrpo393.txt_sp|A7KAN0|AT222_PENRW,34.319,20.044,12.122,10.741,8.059,7.636,7.484,6.481,5.99,5.794,5.682,5.565,5.215,5.096,4.764,4.538,4.372,4.01,3.73,3.708
ATGtrpo393.txt_sp|Q6CXQ8|ATG27_KLULA,23.613,13.756,7.331,6.92,5.68,5.258,4.724,4.443,4.066,3.55,3.319,2.963,2.86,2.741,2.592,2.512,2.421,2.101,1.987,1.684
ATGtrpo393.txt_sp|Q9W3R7|ATG5_DROME,22.68,13.429,8.056,6.703,6.36,5.769,5.387,4.929,4.783,4.379,4.295,4.092,3.849,3.667,3.453,3.311,3.112,3.01,2.895,2.51
ATGtrpo393.txt_sp|Q2HH40|ATG4_CHAGB,29.489,15.618,10.125,8.419,7.815,6.827,6.41,5.839,5.462,4.983,4.819,4.469,4.187,4.023,3.565,3.418,3.267,3.06,2.784,2.768
ATGtrpo393.txt_sp|Q6FJZ6|ATG5_CANGA,22.878,13.025,8.05,6.824,6.175,5.88,5.056,4.683,4.673,4.514,4.314,4.193,3.826,3.713,3.565,3.421,3.276,3.159,3.099,2.779
ATGtrpo393.txt_sp|Q2XPP4|ATG4B_ORYSI,30.743,16.532,10.196,8.905,7.919,6.745,6.572,6.335,5.542,5.239,5.069,4.599,4.334,4.153,3.793,3.655,3.531,3.374,3.128,2.756
ATGtrpo393.txt_sp|Q75BY9|ATG5_ASHGO,23.878,13.851,8.218,7.106,6.391,6.133,5.138,4.894,4.838,4.473,4.291,4.164,3.954,3.698,3.564,3.462,3.33,3.303,3.032,2.703
ATGtrpo393.txt_sp|W0T6B6|ATG14_KLUMD,23.807,14.687,7.481,7.099,6.3,5.003,4.461,4.359,4.121,3.954,3.534,3.315,3.102,3.024,2.776,2.621,2.451,2.313,2.046,1.915
ATGtrpo393.txt_sp|A6SJ85|ATG18_BOTFB,33.019,16.096,10.146,8.813,7.624,6.747,6.534,6.193,5.997,5.32,5.032,4.621,4.549,4.189,4.032,3.765,3.546,3.393,3.253,2.694
ATGtrpo393.txt_sp|A6REI4|ATG15_AJECN,33.059,16.614,12.08,10.254,8.799,8.162,7.345,6.476,6.013,5.813,5.396,5.138,4.781,4.512,4.398,4.226,3.964,3.814,3.496,3.067
ATGtrpo393.txt_sp|A3LV34|ATG15_PICST,34.79,17.94,11.985,10.044,8.772,7.463,7.192,6.047,5.801,5.239,4.856,4.363,4.117,3.887,3.802,3.621,3.408,3.122,2.991,2.616
ATGtrpo393.txt_sp|Q6BIL4|ATG18_DEBHA,37.962,17.557,10.739,9.438,8.411,7.792,7.414,6.929,6.864,6.255,6.056,5.684,5.295,4.959,4.854,4.749,4.587,4.429,3.775,3.354
ATGtrpo393.txt_sp|P0CM33|ATG22_CRYNB,32.657,19.149,11.593,9.924,7.493,7.124,6.76,5.876,5.716,5.409,5.341,5.09,4.936,4.628,4.31,4.188,3.915,3.445,3.352,3.239
ATGtrpo393.txt_sp|Q6CWA7|ATG23_KLULA,29.46,17.116,8.862,7.692,6.907,5.622,5.162,4.744,4.407,4.37,4.094,3.668,3.265,3.121,2.966,2.61,2.441,2.308,2.071,1.718
ATGtrpo393.txt_sp|A7TL57|ATG11_VANPO,59.085,24.049,13.204,12.119,11.107,10.277,9.277,8.986,8.55,8.429,7.697,7.466,7.305,7.208,6.833,6.729,6.49,6.018,5.774,5.463
ATGtrpo393.txt_sp|Q5AKU4|ATG12_CANAL,18.419,9.785,5.886,5.086,4.586,3.712,3.675,3.197,2.956,2.878,2.584,2.481,2.271,2.211,2.09,1.765,1.676,1.52,1.352,1.112
ATGtrpo393.txt_sp|P87068|ATG8_LACBI,17.632,11.938,7.049,5.825,4.711,3.487,3.196,2.886,2.787,2.501,2.363,1.995,1.839,1.713,1.619,1.514,1.451,1.336,1.173,0.863
ATGtrpo393.txt_sp|A0A098DT87|ATG28_GIBZE,38.54,17.794,11.278,9.27,8.159,7.098,6.63,5.982,5.749,5.606,5.267,5.023,4.831,4.639,4.561,4.021,3.506,2.989,2.921,2.691
ATGtrpo393.txt_sp|I1RAL7|ATG33_GIBZE,19.736,10.878,6.569,5.401,4.353,3.894,3.542,2.652,2.589,2.064,1.969,1.772,1.667,1.326,1.152,1.078,0.967,0.932,0.778,0.698
ATGtrpo393.txt_sp|W0TA05|ATG7_KLUMD,35.135,19.646,11.697,10.096,8.891,8.281,7.65,7.405,7.068,6.381,6.234,6.061,5.661,5.37,5.338,4.8,4.675,4.457,4.362,3.801
ATGtrpo393.txt_sp|Q5B6U6|ATG9_EMENI,38.537,22.475,13.444,12.167,10.468,9.479,9.092,8.083,7.53,6.531,6.395,6.147,5.52,5.052,4.95,4.865,4.756,4.665,4.46,4
ATGtrpo393.txt_sp|F4J8V5|AT13B_ARATH,36.132,17.334,11.18,9.629,8.879,8.673,7.096,6.579,6.276,5.957,5.35,5.078,4.793,4.541,4.265,4.072,3.833,3.676,3.36,3.04
ATGtrpo393.txt_sp|F7VSU2|ATG3_SORMK,26.303,13.196,8.627,7.633,7.154,5.77,5.3,5.096,4.575,4.318,3.866,3.665,3.498,3.274,3.191,3.041,2.975,2.702,2.615,2.299
ATGtrpo393.txt_sp|Q0WWQ1|ATG3_ARATH,24.162,12.724,8.566,7.481,7.154,5.379,5.346,4.92,4.421,4.252,3.881,3.768,3.694,3.414,3.236,3.129,2.997,2.866,2.748,2.595
ATGtrpo393.txt_sp|Q1E5M9|ATG4_COCIM,29.303,15.896,9.555,8.239,7.533,7.009,6.277,5.69,5.295,5.254,5.014,4.504,4.082,3.988,3.643,3.555,3.2,3.064,3.05,2.729
ATGtrpo393.txt_sp|Q6BYP8|ATG4_DEBHA,31.171,17.217,10.16,8.905,7.947,6.935,6.691,6.008,5.789,5.341,5.241,4.407,4.348,4.102,3.847,3.607,3.498,3.25,3.095,2.602
ATGtrpo393.txt_sp|Q68FJ9|ATG4D_XENLA,30.496,16.142,9.84,9.067,7.848,6.714,6.642,5.826,5.428,5.036,4.986,4.623,4.19,4.059,3.633,3.338,3.231,3.16,2.868,2.694
ATGtrpo393.txt_sp|Q3V5I7|ATG5_CAEEL,23.282,13.324,7.998,6.854,6.263,5.978,5.279,5.096,4.831,4.556,4.4,4.19,4,3.75,3.53,3.366,3.344,3.317,2.96,2.923
ATGtrpo393.txt_sp|Q9U1N6|ATG42_CAEEL,32.553,17.108,10.547,9.049,7.753,7.082,6.52,6.062,5.61,5.232,5.13,4.429,4.255,4.031,3.934,3.586,3.397,3.257,3.111,2.766
ATGtrpo393.txt_sp|Q523C3|ATG4_MAGO7,31.246,16.186,10.205,8.894,8.067,7.313,6.786,6.114,5.691,5.256,4.936,4.554,4.244,4.035,3.53,3.384,3.313,3.207,3.001,2.88
ATGtrpo393.txt_sp|A0A0E0SC50|ATG12_GIBZE,18.127,9.273,5.768,4.878,4.762,4.419,3.854,3.536,3.265,3.127,2.94,2.825,2.702,2.566,2.497,2.056,2.014,1.788,1.467,1.305
ATGtrpo393.txt_sp|P46983|ATG36_YEAST,25.467,14.585,8.244,6.627,5.32,4.087,2.92,2.629,2.383,1.576,1.456,1.242,1.08,0.769,0.596,0.491,0.346,0.292,0.13,0.002
ATGtrpo393.txt_sp|A7TK16|ATG3_VANPO,24.564,12.501,8.422,7.495,7.03,5.637,5.114,4.843,4.315,4.227,3.942,3.57,3.549,3.307,3.079,2.991,2.887,2.852,2.684,2.285
ATGtrpo393.txt_sp|A7KAI2|ATG3_PICAN,25.345,12.018,8.638,7.596,7.141,5.829,5.665,5.213,4.979,4.588,4.314,4.155,3.944,3.803,3.575,3.502,3.164,2.991,2.847,2.494
ATGtrpo393.txt_sp|Q6PFS7|ATG3_DANRE,24.159,12.145,8.472,7.556,6.987,5.661,5.329,4.995,4.683,4.318,4.259,3.818,3.65,3.623,3.516,3.194,3.097,2.884,2.778,2.585
ATGtrpo393.txt_sp|Q6GPU1|ATG4A_XENLA,27.222,15.171,9.326,8.025,7.532,6.356,5.948,5.821,5.228,5.081,4.861,4.302,3.961,3.861,3.592,3.363,3.237,3.111,2.976,2.663
ATGtrpo393.txt_sp|Q6ZGL4|ATG5_ORYSJ,28.191,14.675,8.823,7.716,6.932,6.591,5.436,5.086,5.046,4.706,4.337,4.118,3.93,3.699,3.54,3.39,3.193,3.14,3.088,2.784
ATGtrpo393.txt_sp|A7TQN1|ATG4_VANPO,28.341,15.766,9.502,8.512,7.22,6.435,6.278,5.572,5.21,5.012,4.844,4.095,3.976,3.918,3.448,3.28,3.258,3.005,2.834,2.625
ATGtrpo393.txt_sp|Q6CH28|ATG4_YARLI,33.789,17.418,10.285,9.3,8.19,7.364,6.572,6.129,5.719,5.376,5.123,4.438,4.242,4.096,3.756,3.472,3.406,3.277,3.167,2.971
ATGtrpo393.txt_sp|A3LR68|ATG5_PICST,23.238,13.625,8.202,6.723,6.476,6.086,5.2,4.841,4.75,4.49,4.232,3.878,3.816,3.592,3.565,3.377,3.24,3.198,2.992,2.797
ATGtrpo393.txt_sp|A7KAK0|ATG16_PICAN,21.412,9.948,5.893,5.002,4.534,4.232,4.004,3.89,3.637,3.293,3.151,2.931,2.89,2.588,2.434,2.372,2.267,2.199,2.105,1.226
ATGtrpo393.txt_sp|Q0U2J8|ATG18_PHANO,32.458,15.714,9.902,8.425,7.438,6.586,6.503,5.842,5.728,5.209,5.158,4.626,4.473,4.202,4.035,3.772,3.688,3.57,3.444,2.968
ATGtrpo393.txt_sp|A6QTX7|ATG18_AJECN,31.541,15.317,9.769,8.367,7.289,6.402,6.242,6.12,5.877,5.274,5.086,4.682,4.39,4.236,4.009,3.817,3.694,3.461,3.167,2.938
ATGtrpo393.txt_sp|A7TIN2|ATG16_VANPO,16.444,8.778,5.005,4.254,3.935,3.566,3.217,2.954,2.892,2.76,2.633,2.398,2.364,2.017,2.001,1.855,1.71,1.527,1.509,0.852
ATGtrpo393.txt_sp|Q6CLZ2|ATG21_KLULA,30.877,14.855,9.631,8.658,7.415,6.731,6.371,6.263,5.852,5.831,5.163,5.029,4.763,4.437,4.124,3.924,3.791,3.745,3.627,2.994
ATGtrpo393.txt_sp|A7TIZ4|ATG1_VANPO,51.323,21.712,13.314,12.033,10.908,10.182,8.894,8.661,8.261,7.928,7.152,7.044,6.755,6.316,6.199,6.075,5.671,5.547,5.505,4.643
ATGtrpo393.txt_sp|Q6BRA6|ATG11_DEBHA,61.739,24.615,13.081,12.189,11.188,10.43,9.848,9.289,8.751,8.264,7.712,7.608,7.435,7.164,7.081,6.895,6.626,6.215,6.11,5.889
ATGtrpo393.txt_sp|I1S0P7|ATG2_GIBZE,69.889,34.881,20.56,17.063,16.329,15.931,13.352,12.379,12.186,11.234,10.849,10.22,9.648,9.62,9.124,9.028,8.502,7.928,7.435,7.276
ATGtrpo393.txt_sp|Q757Z8|ATG27_ASHGO,21.253,13.339,7.298,6.724,5.289,5.009,4.522,4.138,3.971,3.608,3.233,2.949,2.838,2.818,2.614,2.543,2.242,2.021,1.939,1.668
ATGtrpo393.txt_sp|Q54NA2|ATG18_DICDI,30.324,15.788,9.585,8.305,6.958,6.285,5.786,5.633,5.451,4.761,4.437,4.295,4.176,3.744,3.653,3.378,3.284,3.162,2.929,2.366
ATGtrpo393.txt_sp|A3GFE3|ATG18_PICST,37.844,17.559,10.588,9.608,8.543,7.601,7.399,7.238,6.78,6.168,5.724,5.606,5.11,4.794,4.63,4.499,4.36,4.217,3.989,3.579
ATGtrpo393.txt_sp|Q51Y68|ATG17_MAGO7,33.589,16.762,10.227,8.433,8.357,7.252,6.618,6.249,6.069,5.843,5.575,5.442,5.105,4.937,4.838,4.551,4.48,4.274,4.18,3.137
ATGtrpo393.txt_sp|Q5I0B9|ATG16_XENTR,40.277,19.786,11.599,10.518,8.799,8.392,7.711,7.158,6.755,6.383,5.864,5.477,5.26,4.894,4.661,4.491,4.3,4.177,3.839,3.358
ATGtrpo393.txt_sp|Q4P4N1|ATG18_USTMA,34.302,16.392,10.001,8.648,7.512,6.857,6.516,6.243,5.957,5.301,4.89,4.606,4.364,4.023,3.988,3.88,3.618,3.608,3.447,2.814
ATGtrpo393.txt_sp|A7TIP6|ATG20_VANPO,41.655,17.551,11.42,9.992,9.42,8.529,7.725,7.553,6.824,6.488,6.171,6.001,5.814,5.659,5.53,5.422,5.078,5.032,4.818,4.312
ATGtrpo393.txt_sp|Q6CSX2|ATG1_KLULA,45.478,21.222,12.875,11.402,10.21,9.355,8.578,7.949,7.765,7.256,6.998,6.778,6.65,6.008,5.896,5.638,5.35,5.246,4.746,4.194
ATGtrpo393.txt_sp|A1CFB3|ATG26_ASPCL,56.22,26.885,16.927,15.006,14.128,13.252,11.596,11.517,11.162,10.136,9.703,9.388,8.941,8.774,8.476,8.387,8.25,7.908,7.377,6.666
ATGtrpo393.txt_sp|Q0CLX3|ATG1_ASPTN,50.038,21.319,13.803,11.763,10.573,9.935,8.621,8.43,7.954,7.802,7.141,6.753,6.548,6.203,5.924,5.803,5.657,5.398,5.128,4.346
ATGtrpo393.txt_sp|P0CM30|ATG2_CRYNJ,63.004,35.496,19.427,16.469,14.611,13.507,12.02,10.513,9.938,9.258,8.84,8.044,7.909,7.554,7.403,6.877,6.792,6.274,5.947,5.783
ATGtrpo393.txt_sp|Q5BBK4|ATG13_EMENI,47.122,19.017,14.07,11.661,11.388,11.019,9.713,8.916,8.276,7.441,7,6.659,6.574,5.922,5.59,5.201,5.017,4.733,4.212,3.648
ATGtrpo393.txt_sp|Q6FSJ9|ATG13_CANGA,36.481,17.702,12.14,10.306,9.824,9.496,8.068,7.216,7.053,6.554,6.029,5.856,5.418,5.301,4.897,4.829,4.618,4.087,3.977,2.803
ATGtrpo393.txt_sp|Q6FPD4|ATG17_CANGA,29.65,15.894,8.853,8.088,7.567,6.461,6.169,5.9,5.715,5.235,5.19,5.031,4.931,4.708,4.498,4.285,3.978,3.931,3.498,3.14
ATGtrpo393.txt_sp|Q3ZDQ4|ATG1_PODAS,49.029,21.306,13.426,11.796,10.491,10.014,8.703,8.448,8.275,7.456,7.237,6.726,6.55,6.253,6.098,5.812,5.714,5.38,5.204,4.513
ATGtrpo393.txt_sp|A1CHL6|ATG1_ASPCL,48.938,21.134,13.68,11.763,10.448,9.822,8.652,8.266,7.897,7.431,7.126,6.496,6.391,5.85,5.724,5.522,5.42,5.401,5.135,4.526
ATGtrpo393.txt_sp|Q5ABA6|ATG18_CANAL,37.716,17.375,10.503,9.559,8.37,7.79,7.533,7.212,6.808,6.231,5.856,5.796,5.384,5.062,4.812,4.586,4.456,4.226,3.931,3.513
ATGtrpo393.txt_sp|P0CP71|ATG1_CRYNB,51.06,21.348,14.031,11.886,11.067,10.503,8.948,8.824,8.41,7.99,7.597,7.14,7.098,6.67,6.538,6.225,5.918,5.724,5.701,4.967
ATGtrpo393.txt_sp|C4B4E5|ATG26_GLOLA,58.339,27.037,17.408,15.272,14.522,14.271,11.889,11.46,11.368,10.71,9.869,9.555,9.242,9.081,8.797,8.485,8.433,8.183,7.699,6.927
ATGtrpo393.txt_sp|M7U9B9|ATG7_BOTF1,39.624,20.736,13.051,11.404,9.812,8.787,7.902,7.803,7.451,6.979,6.572,6.136,6.05,5.827,5.547,5.399,4.97,4.845,4.807,4.348
ATGtrpo393.txt_sp|Q9LRP7|ATG8I_ARATH,13.544,9.071,5.78,4.696,3.94,3.209,2.709,2.635,2.5,2.236,2.138,1.844,1.694,1.626,1.502,1.398,1.234,1.045,0.922,0.861
ATGtrpo393.txt_sp|A5DPN3|ATG11_PICGU,56.136,23.462,12.756,11.442,10.424,9.684,9.179,8.729,8.121,7.972,7.368,7.089,7.053,6.792,6.757,6.388,6.13,5.872,5.524,5.377
ATGtrpo393.txt_sp|A7TR50|ATG9_VANPO,43.423,24.362,14.221,12.746,11.542,9.883,9.553,9.384,8.439,7.379,7.268,6.888,6.3,6.166,6.009,5.74,5.536,5.247,4.969,4.716
ATGtrpo393.txt_sp|Q12092|ATG29_YEAST,22.115,11.458,6.037,5.204,4.812,3.353,3.221,2.82,2.327,2.215,1.822,1.601,1.525,1.355,1.097,1.016,0.948,0.819,0.649,0.593
ATGtrpo393.txt_sp|I1RMK9|ATG37_GIBZE,24.491,13.792,8.12,6.566,5.917,4.887,4.158,4.101,3.419,3.205,2.946,2.663,2.379,2.321,2.256,1.996,1.952,1.852,1.639,1.516
ATGtrpo393.txt_sp|Q8H1Q5|AT18H_ARATH,46.156,22.619,13.881,11.738,10.068,9.303,8.52,8.039,7.727,6.949,6.533,6.188,5.804,5.74,5.401,5.275,4.932,4.91,4.673,4.273
ATGtrpo393.txt_sp|Q8GYD7|AT18C_ARATH,30.952,15.892,9.73,8.406,6.997,6.582,6.19,5.618,5.541,5.198,4.984,4.77,4.312,4.085,3.724,3.633,3.57,3.225,3.167,2.48
ATGtrpo393.txt_sp|A1CAN8|ATG3_ASPCL,26.838,12.438,8.628,7.769,7.406,6.119,5.679,5.048,4.886,4.771,4.493,4.265,3.883,3.611,3.509,3.453,3.321,3.05,3.027,2.612
ATGtrpo393.txt_sp|Q5B7L0|ATG4_EMENI,28.011,15.36,9.081,8.314,7.504,6.609,6.4,6.029,5.288,4.976,4.755,4.41,4.322,4.211,3.747,3.649,3.465,3.38,3.102,2.751
ATGtrpo393.txt_sp|Q7S3X7|ATG4_NEUCR,31.527,16.545,10.663,9.013,8.081,7.513,6.841,5.945,5.479,5.286,5.157,4.43,4.23,4.122,3.73,3.309,3.291,3.135,3.029,2.704
ATGtrpo393.txt_sp|F4IRW0|ATG1C_ARATH,42.068,20.391,12.402,10.603,9.712,8.808,7.684,7.558,7.402,6.776,6.559,5.98,5.655,5.617,5.297,5.181,5.063,4.792,4.671,4.119
ATGtrpo393.txt_sp|Q1E702|ATG2_COCIM,66.835,34.028,20.885,16.949,16.616,16.14,13.701,12.535,12.489,11.536,11.08,10.641,9.783,9.438,9.37,9.226,8.962,8.178,7.742,7.067
ATGtrpo393.txt_sp|A7KAN7|ATG29_PENRW,29.549,12.836,9.622,7.205,6.729,6.5,5.726,4.291,3.88,3.576,3.427,3.05,2.865,2.358,2.148,1.854,1.619,1.427,1.31,1.148
ATGtrpo393.txt_sp|A6S3R7|AT222_BOTFB,36.106,21.107,13.072,11.234,8.294,8.133,7.755,6.392,6.185,6.025,5.683,5.536,5.271,5.211,4.968,4.454,4.303,4.139,3.977,3.583
ATGtrpo393.txt_sp|C5DNL7|ATG33_LACTC,19.859,11.206,6.651,5.459,4.009,3.969,3.394,2.994,2.573,2.411,2.307,2.003,1.59,1.265,1.093,1.063,0.908,0.854,0.813,0.785
ATGtrpo393.txt_sp|Q876N4|ATG9_PICPA,40.977,24.272,14.39,12.399,10.181,8.974,8.408,7.694,7.374,6.576,5.974,5.383,5.275,5.088,4.762,4.465,4.397,4.298,4.055,3.671
ATGtrpo393.txt_sp|C5DRF7|ATG33_ZYGRC,19.456,11.01,6.824,5.551,4.422,3.965,3.706,3.093,2.891,2.668,2.53,1.915,1.769,1.501,1.253,1.191,1.157,1.012,0.88,0.859
ATGtrpo393.txt_sp|A7KAI3|ATG4_PICAN,32.211,17.279,10.222,9.141,7.9,7.147,6.402,5.989,5.499,5.343,5.203,4.326,4.096,4.012,3.798,3.751,3.338,3.191,3.043,2.672
ATGtrpo393.txt_sp|Q8NJJ3|ATG4_PICPA,33.962,16.941,10.518,9.078,7.875,7.196,6.594,5.861,5.683,5.374,5.123,4.658,4.236,4.158,3.785,3.554,3.386,3.333,3.024,2.947
ATGtrpo393.txt_sp|I1S039|ATG5_GIBZE,21.851,12.871,7.999,6.528,5.974,5.761,4.951,4.678,4.5,4.222,3.911,3.834,3.686,3.547,3.33,3.217,3.003,2.881,2.75,2.476
ATGtrpo393.txt_sp|Q54JI9|BECNB_DICDI,46.86,19.422,17.04,10.11,9.564,8.666,8.245,7.984,7.707,7.212,6.817,6.517,6.325,6.11,5.882,5.739,5.608,4.972,4.862,4.601
ATGtrpo393.txt_sp|A3GG92|ATG11_PICST,59.573,23.242,12.48,11.297,10.253,9.648,9.164,8.523,8.121,7.747,7.347,7.037,6.893,6.715,6.518,6.458,5.988,5.826,5.618,5.457
ATGtrpo393.txt_sp|A3GI31|ATG12_PICST,23.025,11.547,7.446,5.627,5.06,4.716,4.215,3.569,3.174,3.015,2.847,2.502,2.348,2.242,2.019,1.917,1.665,1.534,1.364,1.153
ATGtrpo393.txt_sp|Q6FK11|ATG29_CANGA,22.417,11.294,6.271,5.524,4.839,3.593,3.396,2.878,2.355,2.14,1.862,1.561,1.376,1.281,1.186,1.117,0.922,0.853,0.735,0.66
ATGtrpo393.txt_sp|A0A286M9N3|ATG11_ACRCH,64.475,25.894,15.127,11.834,11.505,10.029,9.308,9.17,8.688,8.126,7.783,7.309,7.104,7.067,6.509,6.163,6.134,5.635,5.412,5.088
ATGtrpo393.txt_sp|Q75E74|ATG2_ASHGO,55.69,33.437,17.151,15.054,13.805,11.362,11.224,10.511,9.569,8.841,8.517,8.077,7.729,7.463,6.834,6.745,6.543,6.024,5.647,4.678
ATGtrpo393.txt_sp|Q5B1T9|ATG2_EMENI,65.804,34.335,20.387,17.019,16.496,16.245,13.775,12.496,12.26,11.371,10.828,10.459,9.779,9.293,9.171,8.857,8.488,7.93,7.647,6.472
ATGtrpo393.txt_sp|A7EAE5|ATG12_SCLS1,15.467,8.283,5.347,4.615,3.675,3.612,3.271,2.923,2.846,2.563,2.463,2.204,2.074,2.013,1.994,1.659,1.445,1.402,1.191,1.015
ATGtrpo393.txt_sp|Q06159|ATG39_YEAST,29.155,17.386,9.897,8.647,6.181,4.147,3.596,2.834,2.245,1.815,1.661,1.484,1.351,0.97,0.848,0.611,0.399,0.353,0.185,0.094
ATGtrpo393.txt_sp|A5DN42|ATG3_PICGU,23.134,12.182,8.29,7.277,6.43,5.516,5.193,4.577,4.406,4.117,3.906,3.379,3.277,3.175,3.014,2.897,2.781,2.593,2.413,2.051
ATGtrpo393.txt_sp|A3LX85|ATG3_PICST,24.862,12.664,8.47,7.344,6.925,5.536,5.259,4.829,4.326,4.251,3.734,3.654,3.567,3.232,3.087,3.001,2.88,2.699,2.455,2.373
ATGtrpo393.txt_sp|A7KAI4|ATG5_PICAN,23.134,13.608,8.38,6.543,6.232,6.143,5.289,4.979,4.594,4.347,4.251,3.914,3.829,3.557,3.431,3.384,3.236,3.046,2.954,2.743
ATGtrpo393.txt_sp|Q1DP17|ATG5_COCIM,27.964,14.153,8.177,7.261,6.449,5.935,5.371,5.016,4.893,4.428,4.273,4.156,3.882,3.797,3.383,3.296,3.252,3.088,3.024,2.807
ATGtrpo393.txt_sp|A7KAK4|ATG22_PICAN,32.781,19.096,12.036,10.62,7.408,7.208,6.869,5.812,5.681,5.272,5.136,4.991,4.822,4.776,4.319,3.974,3.725,3.607,3.337,3.171
ATGtrpo393.txt_sp|Q6FRH2|ATG11_CANGA,56.262,22.773,12.81,11.585,10.486,9.89,9.486,8.818,8.536,8.213,7.839,7.415,7.274,6.971,6.721,6.545,6.467,6.049,5.752,5.639
ATGtrpo393.txt_sp|Q7S4D7|ATG9_NEUCR,40.282,24.029,14.433,12.948,11.02,10.161,9.115,8.728,8.079,7.01,6.825,6.559,5.954,5.682,5.608,5.232,5.15,4.974,4.85,4.233
ATGtrpo393.txt_sp|A7TNK5|ATG10_VANPO,20.559,11.162,6.516,5.161,4.293,3.847,3.416,3.176,3.057,2.861,2.461,2.265,2.19,1.937,1.89,1.696,1.553,1.433,1.22,1.148
ATGtrpo393.txt_sp|A5DLC6|ATG7_PICGU,29.205,16.471,9.71,8.527,7.464,6.565,6.205,6.047,5.71,5.219,5.027,4.809,4.544,4.525,4.123,3.884,3.785,3.593,3.498,2.912
