Name	Label	Prediction	Probability
T1SS_test.txt_sp|P26504|LIPA_PSEFL	0	0	[ 0.2670827 , 0.224009 , 0.3026604 , 0.3453209 , 0.3204831 , 0.22378874 ]
T1SS_test.txt_sp|Q54450|HASA_SERMA	0	0	[ 0.26736882 , 0.22405162 , 0.30272898 , 0.3450476 , 0.32052267 , 0.22410178 ]
T1SS_test.txt_sp|P35828|SLAP_CAUCR	0	0	[ 0.26710057 , 0.22401154 , 0.30266464 , 0.3453034 , 0.32048503 , 0.22380912 ]
T1SS_test.txt_sp|P09983|HLYAC_ECOLX	0	0	[ 0.2670089 , 0.22399816 , 0.3026427 , 0.34539187 , 0.32047337 , 0.2237072 ]
T1SS_test.txt_sp|P16316|PRTB_ERWCH	0	0	[ 0.26708013 , 0.22400865 , 0.30265975 , 0.34532335 , 0.32048276 , 0.2237859 ]
T1SS_test.txt_sp|P19144|PRTX_ERWCH	0	0	[ 0.26710147 , 0.22401178 , 0.30266488 , 0.34530288 , 0.32048556 , 0.22380942 ]
T1SS_test.txt_sp|P15318|CYAA_BORPE	0	0	[ 0.26700932 , 0.22399819 , 0.30264282 , 0.3453914 , 0.32047343 , 0.22370768 ]
T1SS_test.txt_sp|P15728|NODO_RHILV	0	0	[ 0.26716387 , 0.2240211 , 0.30267984 , 0.34524333 , 0.32049435 , 0.22387749 ]
T1SS_test.txt_sp|P55118|LKA11_PASHA	0	0	[ 0.26701736 , 0.22399941 , 0.30264473 , 0.34538364 , 0.3204745 , 0.22371659 ]
T1SS_test.txt_sp|Q9EV31|LKA13_PASHA	0	0	[ 0.26701313 , 0.22399873 , 0.30264375 , 0.34538776 , 0.32047397 , 0.22371182 ]
T1SS_test.txt_sp|Q9K0K9|FRPA_NEIMB	0	0	[ 0.26702088 , 0.22399986 , 0.3026456 , 0.34538037 , 0.32047498 , 0.22372037 ]
T1SS_test.txt_sp|P14711|HLYT_VIBHO	0	0	[ 0.26714784 , 0.22401896 , 0.30267602 , 0.3452597 , 0.3204934 , 0.22385803 ]
T1SS_test.txt_sp|Q9RCG8|PAXA_PASAE	0	0	[ 0.2670151 , 0.22399905 , 0.3026442 , 0.34538585 , 0.32047418 , 0.22371411 ]
T1SS_test.txt_sp|P55127|FRPC_NEIMC	0	0	[ 0.2670132 , 0.22399873 , 0.30264375 , 0.3453877 , 0.320474 , 0.22371194 ]
T1SS_test.txt_sp|P82115|PRTA_PHOAZ	0	0	[ 0.26703912 , 0.2240026 , 0.30264997 , 0.34536272 , 0.3204773 , 0.22374064 ]
T1SS_test.txt_sp|Q00951|HLYA_ACTSU	0	0	[ 0.26701605 , 0.22399914 , 0.30264443 , 0.3453849 , 0.32047427 , 0.22371519 ]
T1SS_test.txt_sp|P35827|SLAP_CAMFE	0	0	[ 0.26705307 , 0.2240046 , 0.30265328 , 0.34534907 , 0.32047886 , 0.22375652 ]
T1SS_test.txt_sp|P16317|PRTC_ERWCH	0	0	[ 0.26707578 , 0.224008 , 0.30265874 , 0.34532762 , 0.32048225 , 0.22378102 ]
T1SS_test.txt_sp|Q03023|APRA_PSEAE	0	0	[ 0.2670926 , 0.22401041 , 0.30266273 , 0.34531128 , 0.32048425 , 0.22379991 ]
T1SS_test.txt_sp|P07268|PRZN_SERME	0	0	[ 0.26707852 , 0.22400841 , 0.3026594 , 0.34532493 , 0.32048255 , 0.22378412 ]
T1SS_test.txt_sp|Q07162|PRTG_ERWCH	0	0	[ 0.2670995 , 0.22401142 , 0.3026644 , 0.34530473 , 0.32048526 , 0.22380733 ]
T1SS_test.txt_sp|Q44493|ALGE4_AZOVI	0	0	[ 0.26708835 , 0.22400984 , 0.30266172 , 0.34531552 , 0.32048386 , 0.22379488 ]
T1SS_test.txt_sp|Q9ZFG9|ALGE7_AZOVI	0	0	[ 0.26704872 , 0.22400394 , 0.30265224 , 0.34535342 , 0.3204785 , 0.2237514 ]
T1SS_test.txt_sp|P55128|RTX11_ACTPL	0	0	[ 0.26701108 , 0.22399846 , 0.30264324 , 0.34538972 , 0.32047367 , 0.22370964 ]
T1SS_test.txt_sp|P22522|CEAV_ECOLX	0	0	[ 0.2672041 , 0.22402722 , 0.3026895 , 0.34520537 , 0.32050046 , 0.22392073 ]
T2SS_test.txt_sp|P07206|PULA_KLEPN	1	0	[ 0.2670263 , 0.22400066 , 0.30264688 , 0.345375 , 0.32047558 , 0.22372657 ]
T2SS_test.txt_sp|P11439|TOXA_PSEAE	1	0	[ 0.26702774 , 0.22400096 , 0.30264723 , 0.3453738 , 0.320476 , 0.22372788 ]
T2SS_test.txt_sp|P14756|ELAS_PSEAE	1	0	[ 0.26706916 , 0.22400695 , 0.30265716 , 0.3453338 , 0.32048118 , 0.22377396 ]
T2SS_test.txt_sp|P14789|LASA_PSEAE	1	0	[ 0.26706886 , 0.22400695 , 0.3026571 , 0.34533417 , 0.32048124 , 0.22377348 ]
T2SS_test.txt_sp|P35483|PPBH_PSEAE	1	0	[ 0.26702985 , 0.22400123 , 0.30264774 , 0.34537172 , 0.32047617 , 0.22373033 ]
T2SS_test.txt_sp|P35482|PPBL_PSEAE	1	0	[ 0.26713073 , 0.22401604 , 0.3026719 , 0.3452745 , 0.32048917 , 0.22384217 ]
T2SS_test.txt_sp|P22088|LIP_BURCE	1	0	[ 0.26715857 , 0.22402021 , 0.30267853 , 0.3452481 , 0.32049322 , 0.22387236 ]
T2SS_test.txt_sp|Q05489|LIP_BURGL	1	0	[ 0.26715615 , 0.22401991 , 0.302678 , 0.34525058 , 0.32049304 , 0.22386941 ]
T2SS_test.txt_sp|P26876|LIP_PSEAE	1	0	[ 0.26708877 , 0.22400987 , 0.30266184 , 0.34531492 , 0.32048368 , 0.22379571 ]
T2SS_test.txt_sp|P15713|PHLN_PSEAE	1	0	[ 0.26703674 , 0.22400224 , 0.3026494 , 0.345365 , 0.320477 , 0.2237381 ]
T2SS_test.txt_sp|P22630|AMY1_AERHY	1	0	[ 0.26705867 , 0.22400555 , 0.30265462 , 0.34534425 , 0.32048023 , 0.22376171 ]
T2SS_test.txt_sp|P41131|AMYA_AERHY	1	0	[ 0.2670655 , 0.2240065 , 0.30265626 , 0.34533745 , 0.32048088 , 0.2237696 ]
T2SS_test.txt_sp|P09167|AERA_AERHY	1	0	[ 0.26705194 , 0.22400445 , 0.302653 , 0.34535035 , 0.32047892 , 0.22375497 ]
T2SS_test.txt_sp|P09166|AERA_AERTR	1	0	[ 0.26705867 , 0.22400549 , 0.30265462 , 0.345344 , 0.32047993 , 0.22376215 ]
T2SS_test.txt_sp|P0C1A2|PLYA_ERWCH	1	0	[ 0.26709905 , 0.22401139 , 0.30266434 , 0.34530514 , 0.3204852 , 0.22380686 ]
T2SS_test.txt_sp|P0C1C0|PLY1_ERWCA	1	0	[ 0.26707652 , 0.22400811 , 0.30265892 , 0.34532687 , 0.3204823 , 0.22378185 ]
T2SS_test.txt_sp|P0C1A8|PMEA_ERWCH	1	0	[ 0.26709747 , 0.22401124 , 0.30266395 , 0.34530693 , 0.3204853 , 0.22380462 ]
T2SS_test.txt_sp|P18192|PGLR1_PECCC	1	0	[ 0.26704806 , 0.22400388 , 0.3026521 , 0.34535414 , 0.3204785 , 0.22375056 ]
T2SS_test.txt_sp|P24153|HAPT_VIBCH	1	0	[ 0.26707417 , 0.22400773 , 0.30265832 , 0.34532902 , 0.32048184 , 0.22377947 ]
T2SS_test.txt_sp|P58598|PGLR1_RALSO	1	0	[ 0.26707065 , 0.22400719 , 0.30265749 , 0.34533235 , 0.3204813 , 0.22377568 ]
T2SS_test.txt_sp|P20041|PGLR2_RALSO	1	0	[ 0.2670707 , 0.22400722 , 0.3026575 , 0.34533226 , 0.32048133 , 0.22377577 ]
T2SS_test.txt_sp|P23314|EXPR_XANCP	1	0	[ 0.26708868 , 0.22400987 , 0.3026618 , 0.34531504 , 0.3204837 , 0.2237956 ]
T2SS_test.txt_sp|Q59394|GUNN_ERWCT	1	0	[ 0.2670694 , 0.22400704 , 0.3026572 , 0.34533364 , 0.32048124 , 0.22377414 ]
T2SS_test.txt_sp|P58935|GUN_XANAC	1	0	[ 0.2670952 , 0.22401085 , 0.3026634 , 0.34530893 , 0.32048482 , 0.22380242 ]
T2SS_test.txt_sp|Q8RJP2|RHIE_DICD3	1	0	[ 0.26703554 , 0.22400203 , 0.30264908 , 0.34536624 , 0.3204769 , 0.22373661 ]
T2SS_test.txt_sp|P06717|ELAP_ECOLX	1	0	[ 0.26709962 , 0.22401157 , 0.30266446 , 0.345305 , 0.3204858 , 0.22380671 ]
T2SS_test.txt_sp|P32890|ELBP_ECOLX	1	0	[ 0.2671216 , 0.224015 , 0.30266973 , 0.34528458 , 0.32048953 , 0.22382969 ]
T2SS_test.txt_sp|P01555|CHTA_VIBCH	1	0	[ 0.26709688 , 0.22401127 , 0.3026638 , 0.34530783 , 0.3204857 , 0.22380328 ]
T2SS_test.txt_sp|P01556|CHTB_VIBCH	1	0	[ 0.26710632 , 0.2240127 , 0.30266607 , 0.34529892 , 0.3204871 , 0.22381341 ]
T3SS_test.txt_sp|O30916|SOPB_SALTY	2	0	[ 0.26702198 , 0.22400007 , 0.30264586 , 0.34537926 , 0.3204751 , 0.22372165 ]
T3SS_test.txt_sp|P18011|IPAB_SHIFL	2	0	[ 0.2670168 , 0.22399929 , 0.30264464 , 0.3453843 , 0.3204745 , 0.22371581 ]
T3SS_test.txt_sp|P31492|YOPE_YEREN	2	0	[ 0.26709247 , 0.22401041 , 0.30266273 , 0.34531152 , 0.3204843 , 0.22379953 ]
T3SS_test.txt_sp|P35674|HRPZ_PSESY	2	0	[ 0.2670682 , 0.22400689 , 0.30265692 , 0.3453348 , 0.32048118 , 0.22377276 ]
T3SS_test.txt_sp|Q01099|HRPN_ERWAM	2	0	[ 0.2670862 , 0.22400951 , 0.30266124 , 0.34531748 , 0.32048357 , 0.22379261 ]
T3SS_test.txt_sp|Q9RBS0|POPA_RALSO	2	0	[ 0.2670796 , 0.2240085 , 0.30265966 , 0.3453238 , 0.32048264 , 0.2237854 ]
T3SS_test.txt_sp|Q79LY0|HOPD2_PSESM	2	0	[ 0.2670371 , 0.2240023 , 0.30264947 , 0.34536484 , 0.3204772 , 0.22373816 ]
T3SS_test.txt_sp|Q47279|HRPN_PECCC	2	0	[ 0.26706934 , 0.22400704 , 0.3026572 , 0.34533384 , 0.3204814 , 0.22377387 ]
T3SS_test.txt_sp|O87653|HRPZ_PSEAP	2	0	[ 0.26707077 , 0.22400725 , 0.30265754 , 0.34533235 , 0.3204815 , 0.22377557 ]
T3SS_test.txt_sp|Q8RK07|AVRD1_PSESS	2	0	[ 0.26701766 , 0.22399941 , 0.3026448 , 0.3453834 , 0.3204745 , 0.22371688 ]
T3SS_test.txt_sp|Q03945|IPAB_SHIDY	2	0	[ 0.2670172 , 0.22399938 , 0.30264473 , 0.3453839 , 0.32047457 , 0.22371626 ]
T3SS_test.txt_sp|Q8RK06|AVRD1_PSESG	2	0	[ 0.26701856 , 0.22399956 , 0.30264503 , 0.34538257 , 0.32047468 , 0.22371781 ]
T3SS_test.txt_sp|Q93Q17|AEXT_AERSA	2	0	[ 0.2670284 , 0.22400102 , 0.3026474 , 0.3453731 , 0.320476 , 0.22372872 ]
T3SS_test.txt_sp|Q55286|IPGD_SHISO	2	0	[ 0.26701945 , 0.22399968 , 0.30264527 , 0.3453818 , 0.32047492 , 0.22371864 ]
T3SS_test.txt_sp|O34105|SOPB_SALDU	2	0	[ 0.26702216 , 0.2240001 , 0.30264592 , 0.34537905 , 0.32047516 , 0.22372189 ]
T3SS_test.txt_sp|Q8VQB5|SIPA_SALEN	2	0	[ 0.26701418 , 0.2239989 , 0.302644 , 0.3453868 , 0.32047415 , 0.22371295 ]
T3SS_test.txt_sp|Q5PEA9|SPTP_SALPA	2	0	[ 0.26702422 , 0.22400036 , 0.3026464 , 0.34537715 , 0.32047546 , 0.2237241 ]
T3SS_test.txt_sp|P08538|YOPH_YERPS	2	0	[ 0.2670414 , 0.22400293 , 0.3026505 , 0.34536073 , 0.32047778 , 0.22374284 ]
T3SS_test.txt_sp|Q03946|IPAC_SHIDY	2	0	[ 0.26702893 , 0.22400111 , 0.30264753 , 0.34537274 , 0.32047617 , 0.22372901 ]
T3SS_test.txt_sp|Q6LAD6|ARPT2_PSESM	2	0	[ 0.26708305 , 0.22400916 , 0.3026605 , 0.34532097 , 0.32048368 , 0.22378832 ]
T3SS_test.txt_sp|P18010|IPAA_SHIFL	2	0	[ 0.26701704 , 0.22399941 , 0.30264467 , 0.3453841 , 0.3204746 , 0.22371602 ]
T3SS_test.txt_sp|P18013|IPAD_SHIFL	2	0	[ 0.26704022 , 0.22400278 , 0.3026502 , 0.34536195 , 0.32047772 , 0.22374141 ]
T3SS_test.txt_sp|P0C7U7|LCRV_YERPE	2	0	[ 0.26703438 , 0.22400197 , 0.30264884 , 0.34536746 , 0.32047695 , 0.22373512 ]
T3SS_test.txt_sp|P14727|AVRB3_XANEU	2	0	[ 0.26702744 , 0.22400087 , 0.30264714 , 0.34537405 , 0.32047588 , 0.22372755 ]
T3SS_test.txt_sp|P31493|YOPE_YERPE	2	0	[ 0.26708925 , 0.22400996 , 0.30266193 , 0.34531462 , 0.32048395 , 0.22379595 ]
T3SS_test.txt_sp|Q52430|AVRP3_PSESH	2	0	[ 0.26709408 , 0.2240108 , 0.3026631 , 0.3453102 , 0.32048488 , 0.22380078 ]
T3SS_test.txt_sp|Q05608|YPKA_YERPS	2	0	[ 0.26701504 , 0.22399905 , 0.3026442 , 0.34538597 , 0.32047427 , 0.22371387 ]
T3SS_test.txt_sp|O06949|SOPE_SALDU	2	0	[ 0.26706403 , 0.22400633 , 0.3026559 , 0.34533918 , 0.320481 , 0.22376752 ]
T4SS_test.txt_sp|P08062|VIRE2_AGRT5	3	0	[ 0.26702097 , 0.22399992 , 0.30264562 , 0.3453803 , 0.3204751 , 0.22372037 ]
T4SS_test.txt_sp|P0A3W8|VIRE2_AGRTU	3	0	[ 0.26701972 , 0.22399977 , 0.30264533 , 0.3453815 , 0.32047492 , 0.22371897 ]
T4SS_test.txt_sp|Q9ZLT1|CAGA_HELPJ	3	0	[ 0.2670002 , 0.22399688 , 0.30264068 , 0.3454002 , 0.32047236 , 0.22369745 ]
T4SS_test.txt_sp|P55980|CAGA_HELPY	3	0	[ 0.2669994 , 0.22399676 , 0.30264047 , 0.34540105 , 0.32047224 , 0.22369653 ]
T4SS_test.txt_sp|P80200|CGA1_HELPY	3	0	[ 0.26699907 , 0.2239967 , 0.30264038 , 0.3454014 , 0.32047218 , 0.22369617 ]
T4SS_test.txt_sp|Q7WDU8|TOX1_BORBR	3	0	[ 0.2671061 , 0.22401264 , 0.30266598 , 0.34529912 , 0.32048708 , 0.22381315 ]
T4SS_test.txt_sp|Q7W2U8|TOX1_BORPA	3	0	[ 0.26710767 , 0.22401288 , 0.30266637 , 0.34529757 , 0.32048723 , 0.22381502 ]
T4SS_test.txt_sp|P04977|TOX1_BORPE	3	0	[ 0.26710755 , 0.22401288 , 0.30266637 , 0.3452978 , 0.32048735 , 0.2238146 ]
T4SS_test.txt_sp|P04978|TOX2_BORPE	3	0	[ 0.26710433 , 0.22401232 , 0.3026656 , 0.3453006 , 0.32048658 , 0.22381166 ]
T4SS_test.txt_sp|P04979|TOX3_BORPE	3	0	[ 0.26708704 , 0.2240097 , 0.30266142 , 0.345317 , 0.32048404 , 0.22379297 ]
T4SS_test.txt_sp|P0A3R6|TOX4_BORPA	3	0	[ 0.267124 , 0.22401518 , 0.30267027 , 0.34528154 , 0.32048887 , 0.22383377 ]
T4SS_test.txt_sp|P0A3R5|TOX4_BORPE	3	0	[ 0.267124 , 0.22401518 , 0.30267027 , 0.34528154 , 0.32048887 , 0.22383377 ]
T4SS_test.txt_sp|P04981|TOX5_BORPE	3	0	[ 0.26713163 , 0.22401652 , 0.30267212 , 0.34527487 , 0.32049078 , 0.22384089 ]
T4SS_test.txt_sp|Q5X159|LUBX_LEGPA	3	0	[ 0.2670441 , 0.22400343 , 0.30265117 , 0.34535825 , 0.32047844 , 0.22374547 ]
T4SS_test.txt_sp|Q5ZRQ0|LUBX_LEGPH	3	0	[ 0.2670416 , 0.22400302 , 0.30265057 , 0.3453607 , 0.32047808 , 0.22374272 ]
T4SS_test.txt_sp|P0A3W9|VIRE2_AGRT9	3	0	[ 0.26701972 , 0.22399977 , 0.30264533 , 0.3453815 , 0.32047492 , 0.22371897 ]
T4SS_test.txt_sp|P08061|VIRE3_AGRT5	3	0	[ 0.26718473 , 0.2240248 , 0.3026849 , 0.34522557 , 0.32049996 , 0.22389612 ]
T4SS_test.txt_sp|P15597|VIRF_AGRT9	3	0	[ 0.2670706 , 0.22400728 , 0.30265749 , 0.3453328 , 0.3204818 , 0.22377488 ]
T4SS_test.txt_sp|P13462|VIRD2_AGRRH	3	0	[ 0.26704168 , 0.22400299 , 0.30265057 , 0.3453604 , 0.32047778 , 0.22374329 ]
T4SS_test.txt_sp|P18592|VIRD2_AGRT5	3	0	[ 0.2670356 , 0.22400206 , 0.30264914 , 0.34536627 , 0.32047707 , 0.2237365 ]
T4SS_test.txt_sp|P06668|VIRD2_RHIRD	3	0	[ 0.26702103 , 0.22399995 , 0.30264562 , 0.3453803 , 0.32047516 , 0.2237204 ]
T4SS_test.txt_sp|P55746|CGA2_HELPY	3	0	[ 0.2669998 , 0.22399679 , 0.30264056 , 0.34540066 , 0.32047227 , 0.223697 ]
T5SS_test.txt_sp|Q8VSL2|SEPA_SHIFL	4	0	[ 0.26701936 , 0.22399965 , 0.30264524 , 0.3453817 , 0.32047468 , 0.22371888 ]
T5SS_test.txt_sp|O68900|PET_ECO44	4	0	[ 0.26701036 , 0.22399837 , 0.30264306 , 0.34539038 , 0.32047355 , 0.22370887 ]
T5SS_test.txt_sp|Q47692|TSH_ECOLX	4	0	[ 0.26702228 , 0.2240001 , 0.30264592 , 0.34537888 , 0.32047504 , 0.2237221 ]
T5SS_test.txt_sp|P44969|IGA0_HAEIN	4	0	[ 0.26700026 , 0.22399688 , 0.30264068 , 0.34540018 , 0.32047233 , 0.2236976 ]
T5SS_test.txt_sp|P42782|IGA1_HAEIN	4	0	[ 0.2670023 , 0.2239972 , 0.30264115 , 0.3453982 , 0.3204726 , 0.22369984 ]
T5SS_test.txt_sp|P45385|IGA3_HAEIN	4	0	[ 0.26700237 , 0.2239972 , 0.30264115 , 0.34539813 , 0.3204726 , 0.22369987 ]
T5SS_test.txt_sp|P44596|HAP1_HAEIN	4	0	[ 0.26700306 , 0.22399727 , 0.30264133 , 0.34539747 , 0.32047266 , 0.22370073 ]
T5SS_test.txt_sp|P09489|PRTS_SERMA	4	0	[ 0.26702198 , 0.22400007 , 0.30264586 , 0.34537917 , 0.32047504 , 0.22372177 ]
T5SS_test.txt_sp|Q03155|AIDA_ECOLX	4	0	[ 0.26702705 , 0.22400078 , 0.30264705 , 0.3453743 , 0.3204757 , 0.22372738 ]
T5SS_test.txt_sp|P39180|AG43_ECOLI	4	0	[ 0.2670517 , 0.22400439 , 0.30265296 , 0.34535047 , 0.32047874 , 0.22375491 ]
T5SS_test.txt_sp|P31489|YADA1_YEREN	4	0	[ 0.2670305 , 0.22400132 , 0.3026479 , 0.34537107 , 0.3204763 , 0.22373098 ]
T5SS_test.txt_sp|P10858|YADA_YERPS	4	0	[ 0.26702857 , 0.22400102 , 0.3026474 , 0.34537297 , 0.32047606 , 0.2237288 ]
T5SS_test.txt_sp|P14283|PERT_BORPE	4	0	[ 0.26703358 , 0.22400174 , 0.30264863 , 0.34536803 , 0.32047653 , 0.22373465 ]
T5SS_test.txt_sp|Q9KKA3|OMPB_RICCN	4	0	[ 0.26703018 , 0.22400123 , 0.3026478 , 0.34537113 , 0.32047588 , 0.2237311 ]
T5SS_test.txt_sp|Q45340|BRKA_BORPE	4	0	[ 0.26703894 , 0.22400251 , 0.30264992 , 0.34536272 , 0.32047707 , 0.22374079 ]
T5SS_test.txt_sp|P55981|VACA_HELPY	4	0	[ 0.26701313 , 0.22399873 , 0.30264372 , 0.3453877 , 0.3204739 , 0.22371197 ]
T5SS_test.txt_sp|Q48247|VACA1_HELPY	4	0	[ 0.26701152 , 0.22399855 , 0.30264336 , 0.3453893 , 0.32047373 , 0.22371009 ]
T5SS_test.txt_sp|Q7BCK4|ICSA_SHIFL	4	0	[ 0.2670326 , 0.22400162 , 0.30264837 , 0.34536907 , 0.32047653 , 0.22373334 ]
T5SS_test.txt_sp|O33407|ESTA_PSEAE	4	0	[ 0.2670305 , 0.22400135 , 0.3026479 , 0.34537125 , 0.3204764 , 0.22373074 ]
T5SS_test.txt_sp|P15320|HLYA_SERMA	4	0	[ 0.267008 , 0.22399801 , 0.30264252 , 0.34539264 , 0.32047325 , 0.22370625 ]
T5SS_test.txt_sp|P16466|HLYA_PROMI	4	0	[ 0.2670108 , 0.2239984 , 0.30264318 , 0.34538996 , 0.32047358 , 0.2237094 ]
T5SS_test.txt_sp|P44602|HXUA1_HAEIN	4	0	[ 0.26702332 , 0.22400028 , 0.30264616 , 0.34537804 , 0.32047534 , 0.223723 ]
T5SS_test.txt_sp|P31631|SSA1_PASHA	4	0	[ 0.26700598 , 0.22399771 , 0.30264202 , 0.34539467 , 0.32047313 , 0.22370386 ]
T5SS_test.txt_sp|Q9XD84|TIBA_ECOLX	4	0	[ 0.2670458 , 0.22400352 , 0.30265152 , 0.34535614 , 0.32047802 , 0.22374836 ]
T5SS_test.txt_sp|Q9EZE7|ESPC_ECO27	4	0	[ 0.26702148 , 0.224 , 0.30264574 , 0.34537965 , 0.32047498 , 0.22372124 ]
T5SS_test.txt_sp|Q7BSW5|ESPP_ECO57	4	0	[ 0.26701224 , 0.22399864 , 0.3026435 , 0.3453886 , 0.32047373 , 0.22371098 ]
T5SS_test.txt_sp|Q7BS42|PIC_ECO44	4	0	[ 0.26702148 , 0.224 , 0.30264574 , 0.34537965 , 0.32047498 , 0.22372124 ]
T5SS_test.txt_sp|Q8FDW4|SAT_ECOL6	4	0	[ 0.2670192 , 0.22399962 , 0.3026452 , 0.3453819 , 0.32047468 , 0.22371867 ]
T5SS_test.txt_sp|Q84GK0|EATA_ECOLX	4	0	[ 0.2670151 , 0.22399905 , 0.30264422 , 0.34538585 , 0.3204742 , 0.22371411 ]
T5SS_test.txt_sp|O84818|PMPD_CHLTR	4	0	[ 0.26701194 , 0.22399858 , 0.30264345 , 0.3453889 , 0.32047373 , 0.2237106 ]
T5SS_test.txt_sp|Q9Z812|PMP20_CHLPN	4	0	[ 0.26701605 , 0.22399914 , 0.30264443 , 0.34538487 , 0.3204742 , 0.2237153 ]
T5SS_test.txt_sp|Q9Z6U5|PMP21_CHLPN	4	0	[ 0.267007 , 0.22399786 , 0.30264226 , 0.34539366 , 0.32047313 , 0.22370508 ]
T5SS_test.txt_sp|P45386|IGA4_HAEIN	4	0	[ 0.2670001 , 0.22399688 , 0.30264062 , 0.34540036 , 0.32047233 , 0.22369733 ]
T5SS_test.txt_sp|P15921|OMPA_RICRI	4	0	[ 0.26710582 , 0.22401294 , 0.3026655 , 0.34530264 , 0.32049006 , 0.22380888 ]
T5SS_test.txt_sp|P40601|LIP1_PHOLU	4	0	[ 0.26703078 , 0.22400135 , 0.30264795 , 0.34537077 , 0.3204763 , 0.22373137 ]
T7SS_test.txt_sp|P04127|PAPA_ECOLX	5	0	[ 0.26717907 , 0.22402322 , 0.30268344 , 0.34522843 , 0.3204959 , 0.22389492 ]
T7SS_test.txt_sp|P08407|PAPE_ECOLX	5	0	[ 0.26716518 , 0.22402143 , 0.3026802 , 0.34524262 , 0.32049522 , 0.22387794 ]
T7SS_test.txt_sp|P07111|PAPH_ECOLX	5	0	[ 0.2671677 , 0.22402161 , 0.30268076 , 0.34523952 , 0.3204946 , 0.22388208 ]
T7SS_test.txt_sp|P62532|PAPK_ECOLX	5	0	[ 0.26714844 , 0.22401872 , 0.30267614 , 0.34525782 , 0.3204919 , 0.22386113 ]
T7SS_test.txt_sp|P42184|PRSA_ECOLX	5	0	[ 0.2672009 , 0.22402653 , 0.3026887 , 0.34520775 , 0.32049912 , 0.2239185 ]
T7SS_test.txt_sp|Q47223|FIMA1_ECOLX	5	0	[ 0.2671777 , 0.22402298 , 0.30268314 , 0.34522957 , 0.3204955 , 0.22389376 ]
T7SS_test.txt_sp|P12730|SFAA_ECOL5	5	0	[ 0.26723287 , 0.22403127 , 0.30269638 , 0.34517717 , 0.32050353 , 0.22395357 ]
T7SS_test.txt_sp|P13429|SFAG_ECOL5	5	0	[ 0.26718482 , 0.22402433 , 0.30268484 , 0.34522378 , 0.32049784 , 0.22389951 ]
T7SS_test.txt_sp|Q03846|HIFA1_HAEIN	5	0	[ 0.267114 , 0.22401369 , 0.30266792 , 0.34529102 , 0.32048753 , 0.22382286 ]
T7SS_test.txt_sp|P45992|HIFD1_HAEIN	5	0	[ 0.26711547 , 0.22401384 , 0.3026682 , 0.34528947 , 0.32048744 , 0.22382486 ]
T7SS_test.txt_sp|P45994|HIFE1_HAEIN	5	0	[ 0.26703486 , 0.22400197 , 0.30264893 , 0.34536695 , 0.32047683 , 0.22373584 ]
T7SS_test.txt_sp|P08189|FIMF_ECOLI	5	0	[ 0.26717055 , 0.22402215 , 0.30268145 , 0.3452371 , 0.3204955 , 0.2238845 ]
T7SS_test.txt_sp|Q03011|MRPA_PROMH	5	0	[ 0.267133 , 0.22401646 , 0.30267245 , 0.34527278 , 0.32049 , 0.22384381 ]
T7SS_test.txt_sp|Q04681|PMFA_PROMH	5	0	[ 0.26713002 , 0.22401604 , 0.30267167 , 0.34527555 , 0.32048944 , 0.2238408 ]
T7SS_test.txt_sp|P53522|PMFE_PROMH	5	0	[ 0.2671088 , 0.22401279 , 0.3026666 , 0.3452956 , 0.32048622 , 0.22381797 ]
T7SS_test.txt_sp|P43660|LPFA_SALTY	5	0	[ 0.26714772 , 0.22401863 , 0.30267596 , 0.34525865 , 0.32049197 , 0.22386006 ]
T7SS_test.txt_sp|P21413|FM98_ECOLX	5	0	[ 0.26720446 , 0.22402698 , 0.30268955 , 0.34520397 , 0.32049918 , 0.22392315 ]
T7SS_test.txt_sp|P04738|FAEC_ECOLX	5	0	[ 0.2672602 , 0.22403538 , 0.30270296 , 0.34515125 , 0.3205075 , 0.22398311 ]
T7SS_test.txt_sp|P02970|FAEG1_ECOLX	5	0	[ 0.267127 , 0.22401556 , 0.30267102 , 0.34527832 , 0.32048887 , 0.22383767 ]
T7SS_test.txt_sp|P18103|FANC_ECOLX	5	0	[ 0.26721385 , 0.22402835 , 0.3026918 , 0.34519494 , 0.32050037 , 0.22393355 ]
T7SS_test.txt_sp|P11312|FMF3_ECOLX	5	0	[ 0.26721388 , 0.22402835 , 0.30269182 , 0.34519488 , 0.3205003 , 0.2239337 ]
T7SS_test.txt_sp|Q99003|F17AG_ECOLX	5	0	[ 0.26715454 , 0.22401956 , 0.30267763 , 0.34525168 , 0.32049233 , 0.22386843 ]
T7SS_test.txt_sp|P21648|MRKD_KLEPN	5	0	[ 0.2671045 , 0.22401229 , 0.30266562 , 0.3453002 , 0.32048625 , 0.22381234 ]
T7SS_test.txt_sp|P53508|CSSA1_ECOLX	5	0	[ 0.26716524 , 0.22402138 , 0.3026802 , 0.34524232 , 0.32049483 , 0.22387859 ]
T7SS_test.txt_sp|P53510|CSSB1_ECOLX	5	0	[ 0.26719862 , 0.22402626 , 0.30268818 , 0.34521013 , 0.32049912 , 0.22391558 ]
T7SS_test.txt_sp|P33406|MYFA_YEREN	5	0	[ 0.2671544 , 0.22401977 , 0.30267757 , 0.3452527 , 0.32049334 , 0.22386664 ]
T7SS_test.txt_sp|P31522|PSAA_YERPE	5	0	[ 0.26726592 , 0.22403622 , 0.3027043 , 0.34514558 , 0.32050797 , 0.22398987 ]
T7SS_test.txt_sp|P15488|FMS3_ECOLX	5	0	[ 0.26717246 , 0.22402236 , 0.30268192 , 0.3452351 , 0.32049543 , 0.22388703 ]
T7SS_test.txt_sp|P26948|CAF1_YERPE	5	0	[ 0.2672329 , 0.22403142 , 0.3026964 , 0.34517747 , 0.32050392 , 0.22395295 ]
T7SS_test.txt_sp|P46739|NFAA_ECOLX	5	0	[ 0.26711604 , 0.22401398 , 0.3026684 , 0.34528917 , 0.32048786 , 0.22382498 ]
T7SS_test.txt_sp|P12061|FM_SALEN	5	0	[ 0.26727498 , 0.22403747 , 0.30270648 , 0.34513655 , 0.32050884 , 0.22400042 ]
T7SS_test.txt_sp|P46007|AGGA_ECOLX	5	0	[ 0.26711664 , 0.22401422 , 0.3026685 , 0.34528905 , 0.32048845 , 0.22382477 ]
T7SS_test.txt_sp|Q57254|AFAE3_ECOLX	5	0	[ 0.26721072 , 0.22402814 , 0.30269107 , 0.34519887 , 0.32050115 , 0.22392827 ]
