#Name	Label	Prediction	Probability
T1SS_test.txt_sp|P26504|LIPA_PSEFL	0	0	[ 0.79986286 , 0.027881617 , 0.108196616 , 0.0023491771 , 0.06170389 , 5.8836245e-06 ]
T1SS_test.txt_sp|Q54450|HASA_SERMA	0	0	[ 0.9819177 , 0.003280479 , 0.009013939 , 5.0174403e-05 , 0.0056822207 , 5.5521374e-05 ]
T1SS_test.txt_sp|P35828|SLAP_CAUCR	0	0	[ 0.9999958 , 7.700346e-11 , 2.9995745e-11 , 2.6500703e-15 , 4.1347007e-06 , 5.6502756e-15 ]
T1SS_test.txt_sp|P09983|HLYAC_ECOLX	0	0	[ 1.0 , 2.0909515e-19 , 4.2475046e-10 , 1.46178385e-08 , 2.2364714e-11 , 2.0450928e-29 ]
T1SS_test.txt_sp|P16316|PRTB_ERWCH	0	0	[ 0.99996567 , 2.3581964e-05 , 1.0071334e-05 , 1.4543537e-07 , 5.7486693e-07 , 1.2115025e-09 ]
T1SS_test.txt_sp|P19144|PRTX_ERWCH	0	0	[ 0.999962 , 2.9958899e-06 , 2.7235246e-05 , 7.137499e-08 , 7.792907e-06 , 3.3002906e-10 ]
T1SS_test.txt_sp|P15318|CYAA_BORPE	0	0	[ 1.0 , 2.7349333e-38 , 1.8155685e-20 , 1.6332242e-20 , 6.3060822e-30 , 0.0 ]
T1SS_test.txt_sp|P15728|NODO_RHILV	0	0	[ 0.99997175 , 6.2342544e-12 , 2.5659656e-05 , 2.641004e-06 , 2.8062114e-16 , 4.608104e-20 ]
T1SS_test.txt_sp|P55118|LKA11_PASHA	0	0	[ 0.99997985 , 1.6055467e-14 , 3.1077986e-06 , 1.6737018e-05 , 3.0848767e-07 , 2.9190234e-24 ]
T1SS_test.txt_sp|Q9EV31|LKA13_PASHA	0	0	[ 0.99998 , 2.2454418e-14 , 4.3881487e-06 , 1.5328491e-05 , 2.0449149e-07 , 4.4133778e-24 ]
T1SS_test.txt_sp|Q9K0K9|FRPA_NEIMB	0	0	[ 1.0 , 1.8719432e-28 , 1.3646164e-18 , 1.1085623e-18 , 1.0651081e-22 , 0.0 ]
T1SS_test.txt_sp|P14711|HLYT_VIBHO	0	5	[ 0.049178664 , 0.2873515 , 0.09429108 , 0.004789541 , 0.005489241 , 0.5588999 ]
T1SS_test.txt_sp|Q9RCG8|PAXA_PASAE	0	0	[ 1.0 , 9.4683775e-18 , 4.913211e-09 , 9.251821e-09 , 1.4328283e-10 , 3.7860932e-27 ]
T1SS_test.txt_sp|P55127|FRPC_NEIMC	0	0	[ 1.0 , 0.0 , 3.08638e-30 , 4.2663086e-29 , 1.7262585e-36 , 0.0 ]
T1SS_test.txt_sp|P82115|PRTA_PHOAZ	0	0	[ 0.99999833 , 4.3810115e-08 , 1.2826413e-06 , 3.0235958e-07 , 8.440253e-09 , 4.8733986e-12 ]
T1SS_test.txt_sp|Q00951|HLYA_ACTSU	0	0	[ 0.9999391 , 2.179648e-15 , 2.5178662e-05 , 3.5721718e-05 , 1.2108766e-09 , 6.6961324e-25 ]
T1SS_test.txt_sp|P35827|SLAP_CAMFE	0	0	[ 0.9992913 , 5.1254636e-07 , 0.00037018672 , 1.2406445e-06 , 0.00033670562 , 1.7906897e-10 ]
T1SS_test.txt_sp|P16317|PRTC_ERWCH	0	0	[ 0.99999976 , 5.529755e-08 , 4.1473798e-09 , 1.033341e-10 , 2.0698698e-07 , 1.0036964e-13 ]
T1SS_test.txt_sp|Q03023|APRA_PSEAE	0	0	[ 0.9999999 , 6.469818e-10 , 1.2059498e-07 , 2.8188427e-09 , 5.121267e-11 , 1.6479657e-16 ]
T1SS_test.txt_sp|P07268|PRZN_SERME	0	0	[ 0.9999999 , 7.943901e-08 , 4.283074e-09 , 3.3640732e-10 , 2.1561567e-08 , 8.778139e-14 ]
T1SS_test.txt_sp|Q07162|PRTG_ERWCH	0	0	[ 0.99998415 , 9.097853e-06 , 6.062512e-06 , 1.5937533e-07 , 4.260901e-07 , 5.1454067e-12 ]
T1SS_test.txt_sp|Q44493|ALGE4_AZOVI	0	0	[ 0.99999714 , 3.4438828e-12 , 2.8616982e-06 , 3.927146e-08 , 4.433477e-08 , 9.506819e-19 ]
T1SS_test.txt_sp|Q9ZFG9|ALGE7_AZOVI	0	0	[ 1.0 , 1.7772992e-25 , 5.430027e-15 , 4.173712e-16 , 2.5675142e-18 , 1.4922679e-34 ]
T1SS_test.txt_sp|P55128|RTX11_ACTPL	0	0	[ 1.0 , 2.2642066e-19 , 6.546135e-13 , 1.9383097e-10 , 2.19426e-11 , 9.3385755e-30 ]
T1SS_test.txt_sp|P22522|CEAV_ECOLX	0	2	[ 0.17236064 , 0.24787137 , 0.43137252 , 0.002679039 , 0.13057685 , 0.015139568 ]
T2SS_test.txt_sp|P07206|PULA_KLEPN	1	1	[ 1.9553918e-06 , 0.997056 , 0.0028610833 , 1.9836947e-05 , 6.107739e-05 , 1.4685689e-09 ]
T2SS_test.txt_sp|P11439|TOXA_PSEAE	1	1	[ 0.0006054858 , 0.9950401 , 0.00034735308 , 3.1923053e-05 , 0.003972233 , 2.8434883e-06 ]
T2SS_test.txt_sp|P14756|ELAS_PSEAE	1	1	[ 0.0055061867 , 0.9543371 , 0.0037414704 , 0.00019268322 , 0.036192086 , 3.0448182e-05 ]
T2SS_test.txt_sp|P14789|LASA_PSEAE	1	1	[ 0.0002822544 , 0.995002 , 9.152393e-05 , 3.0177114e-06 , 0.0045318115 , 8.946067e-05 ]
T2SS_test.txt_sp|P35483|PPBH_PSEAE	1	1	[ 0.03524796 , 0.58054113 , 0.01640203 , 0.0018306497 , 0.36594528 , 3.292333e-05 ]
T2SS_test.txt_sp|P35482|PPBL_PSEAE	1	1	[ 0.015504867 , 0.5896263 , 0.0036354724 , 7.1647446e-05 , 0.014209474 , 0.37695232 ]
T2SS_test.txt_sp|P22088|LIP_BURCE	1	1	[ 0.08192493 , 0.8535072 , 0.00038498713 , 8.739737e-06 , 0.053951573 , 0.010222511 ]
T2SS_test.txt_sp|Q05489|LIP_BURGL	1	1	[ 0.069499806 , 0.9008176 , 0.012600484 , 8.767685e-05 , 0.014974894 , 0.002019604 ]
T2SS_test.txt_sp|P26876|LIP_PSEAE	1	1	[ 0.0937137 , 0.5740278 , 0.26593927 , 0.0016758726 , 0.059474386 , 0.005168977 ]
T2SS_test.txt_sp|P15713|PHLN_PSEAE	1	1	[ 3.48359e-05 , 0.9978727 , 0.0013875847 , 0.00014956546 , 0.00020901201 , 0.0003462751 ]
T2SS_test.txt_sp|P22630|AMY1_AERHY	1	1	[ 7.840751e-06 , 0.9999248 , 4.0552677e-06 , 2.2855706e-07 , 6.2587715e-05 , 5.168568e-07 ]
T2SS_test.txt_sp|P41131|AMYA_AERHY	1	1	[ 9.645833e-07 , 0.9976125 , 1.4125368e-07 , 1.5903585e-09 , 0.0005170283 , 0.0018694578 ]
T2SS_test.txt_sp|P09167|AERA_AERHY	1	1	[ 1.2477345e-07 , 0.99989176 , 5.95552e-13 , 9.533403e-14 , 3.6558387e-05 , 7.160284e-05 ]
T2SS_test.txt_sp|P09166|AERA_AERTR	1	1	[ 3.3302904e-06 , 0.9990282 , 1.6912334e-07 , 8.063323e-09 , 1.436387e-05 , 0.0009539514 ]
T2SS_test.txt_sp|P0C1A2|PLYA_ERWCH	1	1	[ 0.025228772 , 0.9467438 , 0.0076762447 , 0.00053938944 , 0.010496306 , 0.009315566 ]
T2SS_test.txt_sp|P0C1C0|PLY1_ERWCA	1	1	[ 0.0073471265 , 0.9666568 , 0.00063023233 , 0.00024703942 , 0.01803543 , 0.007083383 ]
T2SS_test.txt_sp|P0C1A8|PMEA_ERWCH	1	1	[ 0.008657124 , 0.9407513 , 0.0029437416 , 0.00013996927 , 0.028213253 , 0.0192946 ]
T2SS_test.txt_sp|P18192|PGLR1_PECCC	1	1	[ 0.002135608 , 0.9145372 , 0.023849934 , 0.00045217358 , 0.02473557 , 0.034289423 ]
T2SS_test.txt_sp|P24153|HAPT_VIBCH	1	1	[ 1.1845276e-05 , 0.99466777 , 8.539935e-09 , 1.3572057e-10 , 0.0026841662 , 0.0026362042 ]
T2SS_test.txt_sp|P58598|PGLR1_RALSO	1	1	[ 0.2298624 , 0.68558115 , 0.06353979 , 0.00051577506 , 0.019613842 , 0.0008870686 ]
T2SS_test.txt_sp|P20041|PGLR2_RALSO	1	1	[ 0.030309608 , 0.95280826 , 0.003954387 , 7.122883e-05 , 0.010348466 , 0.0025080359 ]
T2SS_test.txt_sp|P23314|EXPR_XANCP	1	4	[ 0.0564529 , 0.35647607 , 0.0005735894 , 3.6832523e-06 , 0.58635265 , 0.00014120353 ]
T2SS_test.txt_sp|Q59394|GUNN_ERWCT	1	1	[ 0.0022222633 , 0.99049675 , 0.00014402712 , 1.8365827e-06 , 0.001110125 , 0.0060250484 ]
T2SS_test.txt_sp|P58935|GUN_XANAC	1	1	[ 4.1560863e-05 , 0.9949892 , 7.631706e-05 , 8.404601e-07 , 5.3100706e-05 , 0.004838953 ]
T2SS_test.txt_sp|Q8RJP2|RHIE_DICD3	1	1	[ 4.2713336e-06 , 0.9952905 , 2.2271099e-08 , 8.9224006e-10 , 0.0044333297 , 0.00027188158 ]
T2SS_test.txt_sp|P06717|ELAP_ECOLX	1	1	[ 0.017197836 , 0.88003224 , 0.0017945885 , 0.0003388005 , 0.093423426 , 0.0072130845 ]
T2SS_test.txt_sp|P32890|ELBP_ECOLX	1	2	[ 0.0078526605 , 0.11520728 , 0.6953875 , 0.018567668 , 0.004151885 , 0.15883306 ]
T2SS_test.txt_sp|P01555|CHTA_VIBCH	1	1	[ 0.023591481 , 0.80667764 , 0.12938303 , 0.009192157 , 0.02979331 , 0.0013622893 ]
T2SS_test.txt_sp|P01556|CHTB_VIBCH	1	2	[ 0.014224911 , 0.21093537 , 0.65660036 , 0.016117737 , 0.0042154356 , 0.0979062 ]
T3SS_test.txt_sp|O30916|SOPB_SALTY	2	2	[ 3.0950687e-08 , 5.9452304e-05 , 0.9935417 , 0.0062749763 , 0.00012389956 , 2.3514588e-11 ]
T3SS_test.txt_sp|P18011|IPAB_SHIFL	2	2	[ 7.186308e-07 , 6.3295687e-07 , 0.997122 , 0.0027158454 , 0.0001608002 , 1.0480989e-11 ]
T3SS_test.txt_sp|P31492|YOPE_YEREN	2	2	[ 0.00019024032 , 0.0051099802 , 0.9912874 , 0.0022724879 , 0.00064440566 , 0.00049544044 ]
T3SS_test.txt_sp|P35674|HRPZ_PSESY	2	2	[ 5.9643262e-05 , 1.7594401e-07 , 0.99949145 , 0.0004433336 , 5.3257445e-06 , 1.5009355e-11 ]
T3SS_test.txt_sp|Q01099|HRPN_ERWAM	2	2	[ 1.9980355e-06 , 8.917502e-10 , 0.99959785 , 6.4317405e-06 , 0.00039365236 , 1.08394806e-16 ]
T3SS_test.txt_sp|Q9RBS0|POPA_RALSO	2	2	[ 0.09329918 , 9.82766e-10 , 0.9060166 , 0.0006463986 , 3.7767448e-05 , 7.813037e-15 ]
T3SS_test.txt_sp|Q79LY0|HOPD2_PSESM	2	2	[ 3.9737873e-08 , 1.9963201e-05 , 0.9982231 , 0.001750367 , 6.5735358e-06 , 9.687863e-10 ]
T3SS_test.txt_sp|Q47279|HRPN_PECCC	2	2	[ 1.9902957e-07 , 1.8722888e-08 , 0.9999151 , 9.405661e-06 , 7.516543e-05 , 5.1415442e-14 ]
T3SS_test.txt_sp|O87653|HRPZ_PSEAP	2	2	[ 9.5637224e-05 , 1.6044005e-07 , 0.9993662 , 0.00053193374 , 6.10586e-06 , 1.1946963e-11 ]
T3SS_test.txt_sp|Q8RK07|AVRD1_PSESS	2	2	[ 1.8174187e-08 , 1.9195501e-07 , 0.9982673 , 0.0017317737 , 7.7277053e-07 , 1.0444058e-13 ]
T3SS_test.txt_sp|Q03945|IPAB_SHIDY	2	2	[ 7.5955137e-07 , 4.1984595e-07 , 0.9972222 , 0.0026446623 , 0.00013213036 , 6.0110354e-12 ]
T3SS_test.txt_sp|Q8RK06|AVRD1_PSESG	2	2	[ 4.2051367e-09 , 6.9544384e-08 , 0.9990637 , 0.0009360649 , 2.8097094e-07 , 2.074534e-14 ]
T3SS_test.txt_sp|Q93Q17|AEXT_AERSA	2	2	[ 3.3593167e-06 , 1.08462714e-07 , 0.99851733 , 0.0013817258 , 9.747385e-05 , 4.9102856e-14 ]
T3SS_test.txt_sp|Q55286|IPGD_SHISO	2	2	[ 7.125334e-08 , 1.3414734e-05 , 0.976596 , 0.018188292 , 0.0052021793 , 3.5724141e-09 ]
T3SS_test.txt_sp|O34105|SOPB_SALDU	2	2	[ 8.29449e-08 , 0.00016010976 , 0.9933207 , 0.0062073423 , 0.00031181116 , 1.5442427e-10 ]
T3SS_test.txt_sp|Q8VQB5|SIPA_SALEN	2	2	[ 1.2946123e-08 , 5.711545e-07 , 0.9907962 , 0.00920224 , 8.904396e-07 , 1.3829578e-12 ]
T3SS_test.txt_sp|Q5PEA9|SPTP_SALPA	2	2	[ 4.259715e-08 , 0.00039444614 , 0.995542 , 0.0038719056 , 0.00019167514 , 1.222479e-08 ]
T3SS_test.txt_sp|P08538|YOPH_YERPS	2	2	[ 5.049717e-08 , 1.1673064e-05 , 0.9972241 , 0.0027472912 , 1.695676e-05 , 4.0964565e-09 ]
T3SS_test.txt_sp|Q03946|IPAC_SHIDY	2	2	[ 0.00041395478 , 0.00025145485 , 0.9870206 , 0.0022537517 , 0.010058118 , 2.139027e-06 ]
T3SS_test.txt_sp|Q6LAD6|ARPT2_PSESM	2	2	[ 0.0025481621 , 0.2887469 , 0.6581883 , 0.023473695 , 0.00070552673 , 0.026337417 ]
T3SS_test.txt_sp|P18010|IPAA_SHIFL	2	2	[ 1.284301e-06 , 4.4650707e-07 , 0.9864835 , 0.013504258 , 1.0478627e-05 , 7.462649e-12 ]
T3SS_test.txt_sp|P18013|IPAD_SHIFL	2	2	[ 0.00018029206 , 0.012765105 , 0.97293866 , 0.0066349027 , 0.0074659386 , 1.5189057e-05 ]
T3SS_test.txt_sp|P0C7U7|LCRV_YERPE	2	2	[ 0.0001563821 , 0.00023364772 , 0.9421227 , 0.05681491 , 0.0006723393 , 1.065665e-07 ]
T3SS_test.txt_sp|P14727|AVRB3_XANEU	2	2	[ 3.6755627e-15 , 1.3408523e-09 , 0.99962425 , 0.00037569492 , 2.684916e-12 , 1.32093654e-23 ]
T3SS_test.txt_sp|P31493|YOPE_YERPE	2	2	[ 0.00015024813 , 0.0038152626 , 0.99297744 , 0.0023117014 , 0.00036984473 , 0.0003754975 ]
T3SS_test.txt_sp|Q52430|AVRP3_PSESH	2	2	[ 0.000100695295 , 0.00046850112 , 0.9879215 , 0.01148037 , 2.8196277e-05 , 8.3117163e-07 ]
T3SS_test.txt_sp|Q05608|YPKA_YERPS	2	2	[ 1.0277232e-09 , 8.618792e-08 , 0.9921187 , 0.007880608 , 5.483981e-07 , 2.6585857e-14 ]
T3SS_test.txt_sp|O06949|SOPE_SALDU	2	2	[ 0.0012884603 , 0.025900666 , 0.93516326 , 0.035208672 , 0.00048802875 , 0.0019509695 ]
T4SS_test.txt_sp|P08062|VIRE2_AGRT5	3	2	[ 3.273958e-07 , 0.0001669979 , 0.77587515 , 0.22279507 , 0.001162369 , 3.149754e-09 ]
T4SS_test.txt_sp|P0A3W8|VIRE2_AGRTU	3	2	[ 3.2563e-07 , 1.0495123e-05 , 0.8128537 , 0.18672319 , 0.0004122869 , 2.1979614e-10 ]
T4SS_test.txt_sp|Q9ZLT1|CAGA_HELPJ	3	3	[ 5.3161286e-10 , 4.0098025e-10 , 0.49057627 , 0.50936705 , 5.6662622e-05 , 1.4635609e-21 ]
T4SS_test.txt_sp|P55980|CAGA_HELPY	3	3	[ 1.8979534e-09 , 7.1641915e-10 , 0.17669901 , 0.82306826 , 0.00023273197 , 3.3370265e-21 ]
T4SS_test.txt_sp|P80200|CGA1_HELPY	3	3	[ 1.52739e-08 , 1.3113866e-08 , 0.17183748 , 0.820562 , 0.0076005026 , 5.097096e-19 ]
T4SS_test.txt_sp|Q7WDU8|TOX1_BORBR	3	2	[ 0.07218612 , 0.00980511 , 0.69219285 , 0.12196 , 0.10381036 , 4.5485158e-05 ]
T4SS_test.txt_sp|Q7W2U8|TOX1_BORPA	3	2	[ 0.058529034 , 0.007871061 , 0.76861763 , 0.08159571 , 0.08330242 , 8.4233005e-05 ]
T4SS_test.txt_sp|P04977|TOX1_BORPE	3	2	[ 0.06049393 , 0.004789242 , 0.75458395 , 0.11023285 , 0.069888495 , 1.1502601e-05 ]
T4SS_test.txt_sp|P04978|TOX2_BORPE	3	1	[ 0.0021656372 , 0.8439871 , 0.0003632019 , 5.0541254e-05 , 0.012204408 , 0.14122914 ]
T4SS_test.txt_sp|P04979|TOX3_BORPE	3	1	[ 0.0012823311 , 0.571132 , 7.56817e-06 , 3.909529e-07 , 0.07538344 , 0.35219422 ]
T4SS_test.txt_sp|P0A3R6|TOX4_BORPA	3	2	[ 0.00039951285 , 0.05491438 , 0.8759319 , 0.012319514 , 0.0003186425 , 0.056116123 ]
T4SS_test.txt_sp|P0A3R5|TOX4_BORPE	3	2	[ 0.00039951285 , 0.05491438 , 0.8759319 , 0.012319514 , 0.0003186425 , 0.056116123 ]
T4SS_test.txt_sp|P04981|TOX5_BORPE	3	2	[ 0.005599925 , 0.060343772 , 0.9042878 , 0.011700969 , 0.0009547953 , 0.017112589 ]
T4SS_test.txt_sp|Q5X159|LUBX_LEGPA	3	2	[ 0.048817843 , 0.39846846 , 0.4492066 , 0.05446686 , 0.0102083 , 0.038832035 ]
T4SS_test.txt_sp|Q5ZRQ0|LUBX_LEGPH	3	2	[ 0.004940152 , 0.13095084 , 0.799006 , 0.0522138 , 0.0035504855 , 0.009338708 ]
T4SS_test.txt_sp|P0A3W9|VIRE2_AGRT9	3	2	[ 3.2563e-07 , 1.0495123e-05 , 0.8128537 , 0.18672319 , 0.0004122869 , 2.1979614e-10 ]
T4SS_test.txt_sp|P08061|VIRE3_AGRT5	3	2	[ 0.0122630885 , 0.16143425 , 0.74789387 , 0.02843539 , 0.0016000574 , 0.048373327 ]
T4SS_test.txt_sp|P15597|VIRF_AGRT9	3	2	[ 0.0003161441 , 0.0007789593 , 0.98899883 , 0.009776882 , 0.000101467536 , 2.765191e-05 ]
T4SS_test.txt_sp|P13462|VIRD2_AGRRH	3	2	[ 4.1830008e-05 , 4.3291416e-06 , 0.939398 , 0.060346067 , 0.00020977529 , 3.6688805e-10 ]
T4SS_test.txt_sp|P18592|VIRD2_AGRT5	3	2	[ 1.166756e-05 , 2.2942504e-07 , 0.8215002 , 0.17821509 , 0.00027284175 , 2.5131063e-12 ]
T4SS_test.txt_sp|P06668|VIRD2_RHIRD	3	2	[ 3.0265586e-05 , 3.8830774e-07 , 0.6108834 , 0.3881584 , 0.0009274098 , 6.0084706e-13 ]
T4SS_test.txt_sp|P55746|CGA2_HELPY	3	3	[ 3.9476875e-09 , 6.572798e-09 , 0.11151525 , 0.8865341 , 0.001950747 , 2.5623028e-19 ]
T5SS_test.txt_sp|Q8VSL2|SEPA_SHIFL	4	4	[ 1.4801415e-07 , 5.4956857e-09 , 8.8484635e-16 , 4.4692506e-19 , 0.9999999 , 1.0245664e-14 ]
T5SS_test.txt_sp|O68900|PET_ECO44	4	4	[ 6.659596e-06 , 3.017781e-11 , 7.6127484e-15 , 2.2840085e-16 , 0.9999933 , 1.272693e-16 ]
T5SS_test.txt_sp|Q47692|TSH_ECOLX	4	4	[ 9.117058e-06 , 8.021549e-10 , 1.3260816e-16 , 5.2042663e-20 , 0.99999094 , 4.124328e-15 ]
T5SS_test.txt_sp|P44969|IGA0_HAEIN	4	4	[ 5.4573923e-09 , 7.534344e-08 , 8.165575e-20 , 1.1204065e-18 , 0.9999999 , 1.832773e-13 ]
T5SS_test.txt_sp|P42782|IGA1_HAEIN	4	4	[ 1.2691734e-07 , 4.3341507e-07 , 1.1116106e-18 , 6.1342883e-18 , 0.9999994 , 3.3580403e-13 ]
T5SS_test.txt_sp|P45385|IGA3_HAEIN	4	4	[ 2.2469322e-08 , 3.4582894e-07 , 6.588576e-23 , 6.644261e-21 , 0.99999964 , 1.772394e-13 ]
T5SS_test.txt_sp|P44596|HAP1_HAEIN	4	4	[ 2.4247016e-10 , 5.2010904e-08 , 1.4249521e-21 , 1.1740982e-21 , 1.0 , 1.957303e-12 ]
T5SS_test.txt_sp|P09489|PRTS_SERMA	4	4	[ 1.7110862e-06 , 6.702361e-08 , 1.32023455e-11 , 7.566351e-14 , 0.9999982 , 2.0175952e-15 ]
T5SS_test.txt_sp|Q03155|AIDA_ECOLX	4	4	[ 3.689017e-09 , 3.682621e-12 , 6.9398017e-26 , 4.6143675e-30 , 1.0 , 3.1436286e-12 ]
T5SS_test.txt_sp|P39180|AG43_ECOLI	4	4	[ 0.0002497556 , 1.1762264e-08 , 3.9902505e-11 , 1.5988278e-15 , 0.9997502 , 6.2600587e-13 ]
T5SS_test.txt_sp|P31489|YADA1_YEREN	4	4	[ 0.0012172189 , 2.358187e-05 , 2.4911884e-07 , 2.1908296e-08 , 0.9987589 , 2.6500737e-09 ]
T5SS_test.txt_sp|P10858|YADA_YERPS	4	4	[ 0.006024985 , 0.00028587523 , 2.0955098e-05 , 1.4098237e-06 , 0.9936667 , 1.872255e-08 ]
T5SS_test.txt_sp|P14283|PERT_BORPE	4	4	[ 0.0014545115 , 3.1813017e-09 , 5.2011828e-14 , 1.9123326e-17 , 0.9985455 , 5.694446e-17 ]
T5SS_test.txt_sp|Q9KKA3|OMPB_RICCN	4	4	[ 0.09760866 , 2.3983892e-12 , 3.061609e-18 , 4.3285517e-22 , 0.9023913 , 7.2570573e-17 ]
T5SS_test.txt_sp|Q45340|BRKA_BORPE	4	4	[ 0.00023382394 , 7.865837e-12 , 9.92272e-19 , 5.4965243e-22 , 0.9997662 , 3.6858258e-17 ]
T5SS_test.txt_sp|P55981|VACA_HELPY	4	4	[ 2.2379649e-07 , 8.2775534e-07 , 1.3017854e-13 , 7.3138006e-17 , 0.9999989 , 2.770732e-13 ]
T5SS_test.txt_sp|Q48247|VACA1_HELPY	4	4	[ 1.1874754e-07 , 7.437707e-07 , 5.1697795e-13 , 3.7741858e-16 , 0.99999917 , 4.2614114e-13 ]
T5SS_test.txt_sp|Q7BCK4|ICSA_SHIFL	4	4	[ 0.17510346 , 2.3223175e-11 , 4.545834e-12 , 9.611404e-16 , 0.8248965 , 1.8108392e-18 ]
T5SS_test.txt_sp|O33407|ESTA_PSEAE	4	4	[ 0.0003621817 , 2.1962705e-05 , 8.316631e-10 , 3.117532e-12 , 0.9996158 , 1.7785818e-11 ]
T5SS_test.txt_sp|P15320|HLYA_SERMA	4	4	[ 3.5164005e-09 , 1.1075611e-17 , 2.5990792e-17 , 4.4372148e-18 , 1.0 , 4.1749146e-27 ]
T5SS_test.txt_sp|P16466|HLYA_PROMI	4	4	[ 4.9002747e-06 , 2.8153472e-13 , 1.7328897e-11 , 2.7356448e-12 , 0.9999951 , 4.4004227e-21 ]
T5SS_test.txt_sp|P44602|HXUA1_HAEIN	4	4	[ 4.04834e-05 , 2.6712955e-06 , 0.0007675242 , 0.00031801598 , 0.99887127 , 1.8604566e-09 ]
T5SS_test.txt_sp|P31631|SSA1_PASHA	4	4	[ 6.9409734e-06 , 0.00022519649 , 0.009714425 , 0.00059238257 , 0.989461 , 2.9827336e-12 ]
T5SS_test.txt_sp|Q9XD84|TIBA_ECOLX	4	4	[ 1.717654e-07 , 7.3877985e-08 , 8.272219e-16 , 2.2155293e-20 , 0.99999976 , 1.1100758e-09 ]
T5SS_test.txt_sp|Q9EZE7|ESPC_ECO27	4	4	[ 1.1867412e-05 , 2.952745e-10 , 9.900356e-09 , 3.909316e-12 , 0.9999881 , 2.6621853e-17 ]
T5SS_test.txt_sp|Q7BSW5|ESPP_ECO57	4	4	[ 2.0114705e-05 , 1.1742278e-08 , 5.973443e-12 , 1.0712974e-13 , 0.99997985 , 6.231915e-16 ]
T5SS_test.txt_sp|Q7BS42|PIC_ECO44	4	4	[ 0.00034378312 , 3.5205165e-05 , 2.5341235e-12 , 6.739982e-14 , 0.99962103 , 3.7307064e-11 ]
T5SS_test.txt_sp|Q8FDW4|SAT_ECOL6	4	4	[ 0.0070724217 , 3.3664183e-08 , 1.5460319e-11 , 1.3796547e-13 , 0.9929275 , 5.45848e-14 ]
T5SS_test.txt_sp|Q84GK0|EATA_ECOLX	4	4	[ 9.862651e-06 , 4.2147645e-09 , 1.0102285e-09 , 1.034752e-12 , 0.9999901 , 7.170641e-15 ]
T5SS_test.txt_sp|O84818|PMPD_CHLTR	4	4	[ 2.6209186e-06 , 4.876649e-08 , 4.3334842e-09 , 8.878454e-11 , 0.9999974 , 2.0790676e-15 ]
T5SS_test.txt_sp|Q9Z812|PMP20_CHLPN	4	4	[ 1.0329762e-06 , 1.4972862e-06 , 2.4508274e-13 , 3.9985864e-17 , 0.9999975 , 5.1640066e-09 ]
T5SS_test.txt_sp|Q9Z6U5|PMP21_CHLPN	4	4	[ 0.0005637851 , 1.6448386e-06 , 1.1964212e-09 , 6.999161e-11 , 0.99943453 , 8.555622e-14 ]
T5SS_test.txt_sp|P45386|IGA4_HAEIN	4	4	[ 3.0612697e-09 , 1.0966678e-06 , 7.966134e-20 , 2.3628857e-18 , 0.9999989 , 4.5604866e-13 ]
T5SS_test.txt_sp|P15921|OMPA_RICRI	4	4	[ 0.0074846363 , 5.5906436e-15 , 3.1640725e-18 , 2.5979256e-24 , 0.9925154 , 9.762373e-16 ]
T5SS_test.txt_sp|P40601|LIP1_PHOLU	4	1	[ 0.00010605085 , 0.9435787 , 2.6954174e-07 , 1.5359606e-09 , 0.056314997 , 3.0199219e-09 ]
T7SS_test.txt_sp|P04127|PAPA_ECOLX	5	0	[ 0.7241145 , 0.08994694 , 0.08807192 , 0.0030145117 , 0.035064775 , 0.059787348 ]
T7SS_test.txt_sp|P08407|PAPE_ECOLX	5	5	[ 0.03233859 , 0.108747736 , 0.16416524 , 0.0010003665 , 0.027657 , 0.66609114 ]
T7SS_test.txt_sp|P07111|PAPH_ECOLX	5	5	[ 0.002837888 , 0.023960223 , 0.00078789366 , 3.2133736e-05 , 0.00030130954 , 0.9720805 ]
T7SS_test.txt_sp|P62532|PAPK_ECOLX	5	2	[ 0.14788237 , 0.14565597 , 0.4754604 , 0.009423305 , 0.017667519 , 0.20391047 ]
T7SS_test.txt_sp|P42184|PRSA_ECOLX	5	5	[ 0.18524034 , 0.1626893 , 0.2088494 , 0.004978796 , 0.008671102 , 0.42957106 ]
T7SS_test.txt_sp|Q47223|FIMA1_ECOLX	5	5	[ 0.19938128 , 0.33267194 , 0.02800293 , 0.0003897113 , 0.04291759 , 0.3966365 ]
T7SS_test.txt_sp|P12730|SFAA_ECOL5	5	0	[ 0.3497262 , 0.29562917 , 0.040136974 , 0.0007211332 , 0.022715362 , 0.29107115 ]
T7SS_test.txt_sp|P13429|SFAG_ECOL5	5	2	[ 0.055406842 , 0.14513698 , 0.40073758 , 0.01031079 , 0.007476551 , 0.3809312 ]
T7SS_test.txt_sp|Q03846|HIFA1_HAEIN	5	5	[ 0.18208548 , 0.18363343 , 0.198525 , 0.004196007 , 0.055454027 , 0.37610614 ]
T7SS_test.txt_sp|P45992|HIFD1_HAEIN	5	5	[ 0.011163482 , 0.10690834 , 0.002716874 , 0.00021756144 , 0.0145484125 , 0.8644453 ]
T7SS_test.txt_sp|P45994|HIFE1_HAEIN	5	5	[ 0.00013196768 , 0.030800188 , 5.9920956e-05 , 7.368442e-07 , 0.03369703 , 0.9353102 ]
T7SS_test.txt_sp|P08189|FIMF_ECOLI	5	5	[ 0.038364884 , 0.122957096 , 0.058796294 , 0.0007434549 , 0.004027004 , 0.7751113 ]
T7SS_test.txt_sp|Q03011|MRPA_PROMH	5	0	[ 0.4978621 , 0.05757448 , 0.36399308 , 0.004083705 , 0.034063417 , 0.042423166 ]
T7SS_test.txt_sp|Q04681|PMFA_PROMH	5	1	[ 0.08518699 , 0.4521392 , 0.20572901 , 0.004816569 , 0.023355525 , 0.22877273 ]
T7SS_test.txt_sp|P53522|PMFE_PROMH	5	5	[ 0.0014939134 , 0.19650675 , 0.0122983735 , 0.00029351114 , 0.001053559 , 0.78835386 ]
T7SS_test.txt_sp|P43660|LPFA_SALTY	5	0	[ 0.6361713 , 0.05065889 , 0.0039051704 , 0.00011831987 , 0.14549078 , 0.16365549 ]
T7SS_test.txt_sp|P21413|FM98_ECOLX	5	5	[ 0.061153598 , 0.08622829 , 0.004265786 , 5.4909608e-05 , 0.06289736 , 0.78540003 ]
T7SS_test.txt_sp|P04738|FAEC_ECOLX	5	0	[ 0.40385717 , 0.23356262 , 0.018533789 , 0.00086206524 , 0.0179665 , 0.3252178 ]
T7SS_test.txt_sp|P02970|FAEG1_ECOLX	5	5	[ 0.11535056 , 0.12402492 , 0.000114135255 , 7.453573e-07 , 0.31779733 , 0.44271234 ]
T7SS_test.txt_sp|P18103|FANC_ECOLX	5	2	[ 0.036990464 , 0.10978009 , 0.6475223 , 0.0017572847 , 0.05949279 , 0.14445716 ]
T7SS_test.txt_sp|P11312|FMF3_ECOLX	5	5	[ 0.1949098 , 0.20128378 , 0.00016089603 , 3.4057985e-06 , 0.08585907 , 0.5177831 ]
T7SS_test.txt_sp|Q99003|F17AG_ECOLX	5	5	[ 0.00028483346 , 0.044982202 , 1.4387386e-05 , 2.0266666e-07 , 0.0051354268 , 0.94958305 ]
T7SS_test.txt_sp|P21648|MRKD_KLEPN	5	5	[ 0.0007203966 , 0.008214979 , 2.070427e-05 , 2.890086e-07 , 0.028039675 , 0.96300393 ]
T7SS_test.txt_sp|P53508|CSSA1_ECOLX	5	5	[ 0.2422946 , 0.24063604 , 0.01356817 , 0.0007424548 , 0.023556245 , 0.4792026 ]
T7SS_test.txt_sp|P53510|CSSB1_ECOLX	5	5	[ 0.016579784 , 0.028304856 , 0.00045159698 , 7.049597e-06 , 0.01721605 , 0.93744075 ]
T7SS_test.txt_sp|P33406|MYFA_YEREN	5	2	[ 0.06544159 , 0.15402418 , 0.5818103 , 0.012824306 , 0.008231919 , 0.17766768 ]
T7SS_test.txt_sp|P31522|PSAA_YERPE	5	5	[ 0.00015086605 , 0.011903327 , 9.481827e-06 , 1.4656442e-07 , 0.0004542838 , 0.98748183 ]
T7SS_test.txt_sp|P15488|FMS3_ECOLX	5	2	[ 0.10165559 , 0.046713132 , 0.6385083 , 0.002788033 , 0.00933311 , 0.20100182 ]
T7SS_test.txt_sp|P26948|CAF1_YERPE	5	5	[ 0.2654215 , 0.05802647 , 0.05538501 , 0.0006597318 , 0.0048915558 , 0.6156157 ]
T7SS_test.txt_sp|P46739|NFAA_ECOLX	5	4	[ 0.07208563 , 0.2162631 , 0.083607964 , 0.004169159 , 0.563333 , 0.06054123 ]
T7SS_test.txt_sp|P12061|FM_SALEN	5	5	[ 0.2577921 , 0.3369588 , 0.0014209613 , 2.8076736e-05 , 0.02307821 , 0.38072187 ]
T7SS_test.txt_sp|P46007|AGGA_ECOLX	5	5	[ 0.010055473 , 0.42070043 , 0.056491733 , 0.0016730217 , 0.0056617763 , 0.5054175 ]
T7SS_test.txt_sp|Q57254|AFAE3_ECOLX	5	5	[ 0.0064102206 , 0.1359621 , 1.3080477e-05 , 2.947613e-07 , 0.019299978 , 0.8383143 ]
