Label	Prediction	Pobability
1	1.0	0.591768
1	1.0	0.591768
1	0.0	0.370109
1	0.0	0.370782
1	1.0	0.591519
1	1.0	0.591766
1	0.0	0.391291
1	1.0	0.591762
1	1.0	0.591742
1	1.0	0.541016
1	1.0	0.581629
1	1.0	0.591768
1	1.0	0.591049
1	0.0	0.377903
1	1.0	0.591745
1	1.0	0.591480
1	1.0	0.591768
1	1.0	0.591767
1	1.0	0.588687
1	0.0	0.369995
1	0.0	0.370006
1	1.0	0.589645
1	0.0	0.370011
1	1.0	0.591616
1	0.0	0.373580
1	1.0	0.591768
1	1.0	0.591765
1	1.0	0.591768
1	1.0	0.591693
1	0.0	0.370009
1	0.0	0.485904
1	1.0	0.591764
1	1.0	0.591718
1	1.0	0.591766
1	1.0	0.591054
1	1.0	0.591768
1	0.0	0.447663
1	0.0	0.377817
1	1.0	0.591755
1	0.0	0.369992
1	0.0	0.370614
1	1.0	0.591466
1	1.0	0.591767
1	1.0	0.591767
1	1.0	0.591588
1	1.0	0.591768
1	1.0	0.580790
1	0.0	0.370545
1	1.0	0.591768
1	1.0	0.591768
1	1.0	0.591738
1	1.0	0.591767
1	1.0	0.589278
1	1.0	0.591759
1	1.0	0.590629
1	0.0	0.370104
1	0.0	0.370456
1	0.0	0.369993
1	1.0	0.591768
1	1.0	0.591762
1	0.0	0.448775
1	1.0	0.591768
1	1.0	0.591767
1	0.0	0.370360
1	0.0	0.373501
1	0.0	0.371939
1	0.0	0.432522
1	1.0	0.591768
1	1.0	0.591763
1	1.0	0.591768
1	1.0	0.589404
1	1.0	0.591766
1	1.0	0.591768
1	0.0	0.370841
0	0.0	0.370001
0	0.0	0.370409
0	0.0	0.370008
0	0.0	0.370348
0	0.0	0.369990
0	0.0	0.370006
0	0.0	0.370832
0	0.0	0.370613
0	0.0	0.370026
0	0.0	0.369991
0	1.0	0.591664
0	1.0	0.591724
0	0.0	0.370171
0	0.0	0.369994
0	1.0	0.587240
0	0.0	0.369996
0	0.0	0.369989
0	0.0	0.400578
0	1.0	0.589032
0	0.0	0.371713
0	0.0	0.370005
0	0.0	0.369993
0	0.0	0.381617
0	0.0	0.370061
0	1.0	0.591580
0	1.0	0.564114
0	0.0	0.370162
0	0.0	0.369999
0	0.0	0.370126
0	0.0	0.370065
0	0.0	0.373023
0	0.0	0.373400
0	1.0	0.575194
0	0.0	0.370015
0	1.0	0.591767
0	0.0	0.369997
0	1.0	0.591579
0	0.0	0.374223
0	0.0	0.370136
0	0.0	0.369995
0	0.0	0.369993
0	1.0	0.591768
0	0.0	0.369990
0	0.0	0.370030
0	0.0	0.394159
0	0.0	0.370061
0	0.0	0.372740
0	1.0	0.587841
0	0.0	0.369989
0	0.0	0.370315
0	1.0	0.569023
0	0.0	0.370045
0	0.0	0.373481
0	0.0	0.369994
0	0.0	0.370006
0	1.0	0.591764
0	1.0	0.591690
0	0.0	0.370669
0	0.0	0.369995
0	0.0	0.369989
0	0.0	0.369999
0	1.0	0.591760
0	1.0	0.569331
0	0.0	0.370002
0	1.0	0.591763
0	0.0	0.370622
0	1.0	0.591706
0	1.0	0.588205
0	0.0	0.369995
0	0.0	0.369997
0	0.0	0.371517
0	1.0	0.591673
0	0.0	0.370023
0	0.0	0.369998
