#name,A,R,N,D,C,E,Q,G,H,I,L,K,M,F,P,S,T,W,Y,V
id1,0.085119561,0.008877027,0.012840987,-0.02854998,-0.081414793,0.059689515,0.062600861,-0.09374766,-0.028721538,0.004443705,0.008688801,0.047427541,0.047273906,-0.063901855,-0.057796103,0.097002975,0.097077979,-0.167441951,-0.028046721,0.018577743
id3,0.093925334,0.023309639,0.013532785,-0.033912895,-0.08628666,0.043257836,0.030714025,-0.041706141,-0.027567062,0.011328215,0.011362473,0.022316408,0.054587374,-0.059299778,-0.069095398,0.081776532,0.071001256,-0.151809666,-0.032014334,0.044580055
id5,0.135700418,0.026225866,0.010757681,-0.012956768,-0.127038964,0.117575672,0.068320493,0.004805741,-0.033143065,-0.042968421,-0.018371673,0.061844353,0.031925531,-0.118360608,-0.053503168,0.117011339,0.096517403,-0.197787571,-0.079950706,0.013396447
id7,0.143028283,0.009099085,0.019693864,-0.046290024,-0.117345031,0.069171402,0.045797843,0.000963398,-0.038863581,-0.0510965,-0.045905595,0.063530882,0.014485408,-0.117076766,0.047155323,0.166074242,0.127852393,-0.20537759,-0.088393352,0.003496312
id9,0.047609038,0.029027812,0.049582354,-0.000327916,-0.061028403,0.069093995,0.078633948,-0.082164835,0.012388478,-0.029094531,0.029910889,0.032387229,0.014336553,-0.056595488,-0.080278453,0.113661631,0.061702907,-0.149081911,-0.065371734,-0.014391563
id11,0.053628048,0.032409077,0.060529898,-0.010621183,-0.103216674,0.058499752,0.041418685,-0.084394849,-0.035340017,0.004738004,-0.009933426,0.082500608,0.050470635,-0.068420448,-0.100744304,0.134867169,0.096937472,-0.186763997,-0.046497606,0.029933155
id13,0.082373594,0.031821841,0.057863817,-0.015427063,-0.083915958,0.054454387,0.03712191,-0.051534308,-0.046952878,-0.007293239,-0.015767359,0.071537981,0.055631331,-0.082576624,-0.087271432,0.138042095,0.090390449,-0.189383247,-0.066160471,0.027045174
id15,0.019657831,0.036502635,0.062111206,-0.016837236,-0.067712232,0.064928332,0.0653952,-0.091173406,0.026381208,-0.027161542,0.052870457,0.031581066,0.017358422,-0.034738001,-0.083665109,0.104294052,0.053835853,-0.153828826,-0.050135398,-0.009664511
id17,0.040823225,0.039990606,0.050810111,-0.009773416,-0.075224744,0.070685594,0.064417875,-0.082338216,0.017074451,-0.035199759,0.061924149,0.033967038,0.005861947,-0.042822314,-0.077320269,0.119067223,0.062406651,-0.174101919,-0.059682705,-0.010565529
id19,0.067916862,0.055657447,0.02360931,-0.008400853,-0.089833196,0.097091999,0.080048094,-0.065374323,0.015120167,-0.014224046,0.010355798,0.057311388,0.00757604,-0.097449319,-0.039505165,0.09697053,0.078685443,-0.229915723,-0.071101558,0.025461105
id21,0.145510155,0.066285046,0.043482464,-0.005839717,-0.130730583,0.082787334,0.063776783,-0.03753609,-0.026991552,-0.052699888,-0.03627047,0.04327332,0.014058609,-0.128287877,0.001946814,0.134998686,0.099330333,-0.198395654,-0.081398265,0.002700553
id23,0.05241397,0.029310411,0.033697122,-0.023753552,-0.116156059,0.081135643,0.052743185,-0.073120607,-0.007165932,-0.017190926,-0.004416938,0.051697961,0.054282882,-0.05648745,-0.05644745,0.103410788,0.055197936,-0.155554782,-0.012533263,0.008937061
id25,0.051143991,0.008839404,0.045094048,-0.010016504,-0.10742262,0.056245839,0.054213953,-0.097972667,-0.008491445,0.010671189,0.010587396,0.066185639,0.049773122,-0.048007283,-0.079419317,0.103437371,0.066438944,-0.179773142,-0.01698143,0.025453511
id27,0.133012724,-0.021937327,0.074650077,-0.014929801,-0.107539935,0.074276101,0.021120458,0.11189804,-0.045809702,-0.070010275,-0.030079578,0.043552614,0.054130056,-0.109417703,-0.063636169,0.16011058,0.074259056,-0.171964292,-0.085928788,-0.025756136
id29,0.12824511,-0.025983371,0.051593605,0.013926636,-0.114527012,0.083973095,0.043614538,0.064750609,-0.062564335,-0.048878149,-0.022129144,0.03068505,0.031146177,-0.130792271,-0.035205954,0.156250648,0.124075616,-0.200448486,-0.099171186,0.011438824
id31,0.156138748,-0.000462731,0.01188124,-0.036098888,-0.104887749,0.075400562,0.038511634,-0.017214113,-0.036696051,-0.026046873,-0.013148249,0.036035326,0.045370831,-0.107871844,-0.034853868,0.13085339,0.116084513,-0.207263736,-0.074618945,0.048886804
id33,0.107978988,0.027072557,0.050373132,0.036912137,-0.121553308,0.082693275,0.058763078,-0.0206462,-0.0127049,-0.064106389,-0.055403963,0.063173367,-0.017638479,-0.107746022,-0.039325187,0.169625514,0.123238288,-0.194835748,-0.073625373,-0.012244768
id35,0.091929973,-0.000258141,0.045026687,0.0168857,-0.091777228,0.055322831,0.046010552,-0.015335867,-0.048922545,-0.016122958,-0.031124434,0.03221431,0.031018915,-0.101121483,-0.021979413,0.109290265,0.107425841,-0.186134765,-0.068228429,0.04588019
id37,0.085093949,0.035290764,0.046635604,-0.012404575,-0.102022069,0.078357592,0.054893293,-0.050788549,-0.028956035,-0.02936242,-0.003876857,0.05854575,0.043293196,-0.092970384,-0.055124026,0.123190367,0.086289649,-0.189310395,-0.06150459,0.014729736
id39,0.096310323,0.04518165,0.052700956,0.0075878,-0.136497607,0.06511681,0.060381783,-0.041656575,-0.011113935,-0.040160238,-0.022706803,0.070842132,0.023496526,-0.080982242,-0.056362924,0.139204017,0.074766343,-0.186939094,-0.05407101,-0.005097912
id41,0.094889701,0.051604289,0.028239839,-0.017901371,-0.138795321,0.112135773,0.113358167,-0.105738466,-0.049730784,-0.054772182,-0.019306117,0.134407579,0.027554933,-0.136725905,0.005121485,0.159673266,0.112476036,-0.229369813,-0.098699254,0.011578146
id43,0.051243773,0.013597882,0.011049728,-0.024657059,-0.099504169,0.067758672,0.058554346,-0.128787323,-0.019528121,0.003786533,0.046683804,0.052554463,0.068545681,-0.069265135,-0.02950834,0.094897482,0.097169196,-0.174802856,-0.046058956,0.0262704
id45,0.099059709,-0.005514117,0.017463548,-0.035710962,-0.083325216,0.05525238,0.031649077,-0.081466135,-0.052522764,0.016422344,0.028991202,0.037986349,0.066390443,-0.067373038,-0.068405795,0.111188589,0.100220758,-0.185007331,-0.041023609,0.055724566
id47,0.052160927,0.011069622,-0.032694096,-0.06328499,-0.1022668,0.052757553,0.031130211,-0.093545849,-0.029876553,0.03471788,0.041892713,0.036303237,0.088964675,-0.009588172,-0.064481668,0.040270156,0.064370876,-0.125969928,0.011673416,0.05639679
id49,0.063705753,-0.017199746,0.033038328,-0.001195387,-0.098239139,0.064196997,0.056136483,-0.057010679,-0.003934647,-0.000747282,-0.012365349,0.016173629,0.040019766,-0.025106628,-0.077621592,0.083232353,0.075110897,-0.156413252,-0.000899644,0.019119138
