#name,A,R,N,D,C,E,Q,G,H,I,L,K,M,F,P,S,T,W,Y,V
id1,0.073258394,-0.007011026,0.028001813,0.002065766,-0.126958953,0.086973517,0.044188861,-0.016462014,-0.02687179,-0.003185056,-0.019554048,0.047883527,0.04601065,-0.100613197,-0.080080788,0.10826283,0.117301307,-0.171699392,-0.048428417,0.046918016
id3,0.075773213,0.033292215,0.027837084,-0.03412764,-0.091787154,0.046155646,0.034586866,-0.056416894,-0.021594003,-0.002359127,0.011789843,0.056372681,0.04727086,-0.075692269,-0.061648262,0.089412108,0.090209903,-0.167462042,-0.033175889,0.031562863
id5,0.094697645,0.021846765,0.031711002,-0.01965493,-0.107680974,0.080598588,0.059295739,-0.056560735,0.000821105,-0.029767207,0.05243728,0.089417691,0.034233015,-0.051214182,-0.136973838,0.063649204,-0.006736734,-0.153924678,0.068185037,-0.034379791
id7,0.087733954,0.010164196,0.048500543,-0.006078932,-0.091240974,0.053912027,0.049725654,-0.065619795,-0.027358408,-0.016631424,-0.022101587,0.039352553,0.033669049,-0.090110635,-0.052369139,0.13315829,0.120429739,-0.185522027,-0.049710704,0.03009762
id9,0.146479881,0.095234198,0.054222628,0.040259917,-0.211291265,0.222225324,0.251004392,-0.127060871,-0.030767464,-0.048033572,0.046238132,0.201463007,0.013346271,-0.191563956,-0.170733391,0.110331178,0.075259908,-0.295793493,-0.169323629,-0.011497196
id11,0.086067573,0.045238429,0.037620118,-0.017212949,-0.12409063,0.087875549,0.077569691,-0.078181556,-0.015299962,-0.025763044,0.001408031,0.077740134,0.040759682,-0.082053391,-0.067165193,0.091930381,0.080225172,-0.182420204,-0.046644376,0.012396545
id13,0.080729931,0.038019774,0.028443025,-0.02531169,-0.114755666,0.090088459,0.069620072,-0.087968222,-0.015220797,-0.018582897,0.01332932,0.063339012,0.044784038,-0.071461258,-0.068898377,0.080133439,0.078669584,-0.170885806,-0.030796235,0.016724293
id15,0.079370191,0.042152931,0.030686875,-0.024672555,-0.128046912,0.097699768,0.079327019,-0.074020294,-0.011701994,-0.029338206,-0.001954304,0.080790197,0.040917116,-0.072173402,-0.06557644,0.085157553,0.072364796,-0.171346803,-0.034506093,0.004870557
id17,0.095756381,0.045764493,0.001744435,-0.042846838,-0.09362118,0.052543986,0.048266488,-0.081031842,-0.019989088,0.012886214,0.02236552,0.049209237,0.061284837,-0.071140798,-0.053043767,0.074419774,0.07085138,-0.178998245,-0.041998912,0.047577924
id19,0.052435166,0.028017862,0.059265035,-0.017154365,-0.105302453,0.042530974,0.044610321,-0.075821348,-0.018220104,0.004334497,0.005604931,0.068898505,0.048887526,-0.053759585,-0.072372054,0.094638927,0.069380659,-0.173315216,-0.028481933,0.025822655
id21,0.064712041,0.018191465,0.032505524,-0.014418649,-0.104694742,0.042338012,0.049847169,-0.066603981,-0.011481862,0.009028258,0.005556035,0.058748395,0.046137767,-0.04822114,-0.063842415,0.086578956,0.047277888,-0.161929331,-0.020022487,0.030293096
id23,0.045713464,0.023883785,0.024784292,-0.016794211,-0.137080472,0.046551115,0.041645465,-0.077341395,-0.018186338,0.000503463,-0.002651776,0.073944905,0.028765409,-0.01948434,-0.02492057,0.075487465,0.047915258,-0.118756019,-0.000521475,0.006541973
id25,0.103590644,0.012254454,0.043135942,-0.027825863,-0.096228532,0.085941096,0.056523696,-0.052141452,-0.015093351,-0.030963179,0.053848055,0.086726413,0.030104709,-0.047699732,-0.124873305,0.063921889,-0.006203041,-0.169180616,0.060180359,-0.026018187
id27,0.073755984,0.011137125,-0.004249525,-0.020998309,-0.094172287,0.057405838,0.039282164,-0.073914847,-0.035955574,0.035106006,0.008722001,0.031606326,0.058691716,-0.035160361,-0.070834274,0.052866644,0.080418725,-0.161746751,-0.015482535,0.063521934
id29,0.12498353,0.033750667,-0.012762804,-0.008356657,-0.11478308,0.043521158,0.065117995,-0.095451317,-0.015226849,0.021149884,0.039587192,0.025957009,0.075924876,-0.075109601,-0.084691391,0.077387407,0.093629698,-0.207186815,-0.057175578,0.069734675
id31,0.098396365,0.077962322,0.016441687,-0.004167204,-0.136777172,0.102909408,0.10018935,-0.080351387,-0.023157026,-0.032423659,-0.027854439,0.128522828,0.018236614,-0.097216167,-0.073403513,0.129110795,0.056891603,-0.209410139,-0.060850954,0.016950689
id33,0.095511334,0.018745366,-0.040963632,-0.106696782,-0.078907478,0.021779154,-0.019935047,-0.072227711,-0.02858717,0.038554358,0.048963402,0.002786909,0.068063425,0.007145611,-0.056767346,0.05943288,0.093076269,-0.123645973,0.014334104,0.059338326
id35,0.108288908,0.012385163,-0.004082711,-0.022036687,-0.078425693,0.054127018,0.048185722,-0.057829272,-0.061745049,-0.007494037,0.00327664,0.063915694,0.052566911,-0.081239502,-0.037655279,0.105510064,0.087855132,-0.163267868,-0.062140618,0.039805462
id37,0.075088485,0.02927476,0.031356805,-0.0369926,-0.087650716,0.041468886,0.027064463,-0.049383325,-0.017806597,-0.003071024,0.013349988,0.04928648,0.051282412,-0.069517409,-0.057944751,0.086684811,0.082106335,-0.16300157,-0.030822256,0.029226822
id39,0.092795391,0.01931305,-0.003976183,-0.055519307,-0.088145415,0.047203683,0.008879262,-0.043978189,-0.052084848,0.025017729,0.036712407,0.020756052,0.074846614,-0.062506289,-0.042748165,0.076704189,0.084799465,-0.165171983,-0.034077617,0.061180155
id41,0.142797191,0.028553912,-0.00194661,-0.030757661,-0.069708066,0.054513455,0.040399527,-0.058343052,-0.069621271,-0.009477279,-0.014039322,0.08352226,0.03464644,-0.084045593,-0.063702332,0.131278559,0.095897375,-0.197366761,-0.057909362,0.045308588
id43,0.098236559,-0.001048752,0.073388035,-0.032776031,-0.108665546,0.070925542,0.011983782,-0.006687978,-0.024137476,-0.042404506,0.033635811,0.083784176,0.031989282,-0.043556917,-0.119667703,0.085439984,0.005134038,-0.129742981,0.04219179,-0.028021106
id45,0.06845053,0.04805753,0.03899888,-0.013260567,-0.141698691,0.099644432,0.096806263,-0.086181238,-0.004239173,-0.033025947,-0.014346766,0.100927929,0.031893232,-0.087061202,-0.050220003,0.09011156,0.07232191,-0.17485213,-0.038614355,-0.003712192
id47,0.063284497,0.021290848,0.037056576,-0.02207603,-0.095301938,0.044246284,0.048874989,-0.03120615,-0.020254943,-0.010033239,0.002536335,0.057108674,0.03458877,-0.070473124,-0.061284441,0.078875796,0.07657121,-0.159383564,-0.025720402,0.031299851
id49,0.085576745,0.053808729,0.013921452,-0.052901228,-0.081487793,0.045708712,0.021549538,-0.083593587,-0.029621585,0.007826465,0.026858623,0.057534765,0.068991923,-0.079782139,-0.066790585,0.093932891,0.097441071,-0.168373526,-0.046891545,0.036291074
