#name,A,R,N,D,C,E,Q,G,H,I,L,K,M,F,P,S,T,W,Y,V
id1,0.052210182,0.025067187,0.028699422,-0.007217181,-0.111475359,0.06418015,0.071956716,-0.079430757,-0.026499009,-0.000288407,0.010643723,0.068943635,0.049109753,-0.056302732,-0.07200274,0.078376184,0.062413725,-0.1601927,-0.027238898,0.029047106
id3,0.060348008,0.040794263,0.043411405,-0.000250159,-0.128618586,0.091496612,0.09685911,-0.111374922,-0.028786279,-0.021918548,-0.001472358,0.091524225,0.041013701,-0.087350161,-0.056002552,0.116001916,0.082145573,-0.185613628,-0.053006823,0.010799202
id5,0.0454438,0.053252732,0.021838667,-0.026431842,-0.117570933,0.095972483,0.076714436,-0.122829135,-0.019184405,-0.013651065,0.025349695,0.086616959,0.072538529,-0.061008494,-0.060328751,0.090398166,0.052148266,-0.17490218,-0.029554325,0.005187396
id7,0.059723935,0.012778348,0.032535249,-0.021913715,-0.100346415,0.056845362,0.045715296,-0.080061533,-0.014608714,0.003629634,0.011335727,0.056917997,0.053172102,-0.060634887,-0.061493266,0.089816677,0.072227382,-0.166723713,-0.021773831,0.032858365
id9,0.038108932,0.019979983,0.021801233,-0.01862974,-0.11108652,0.071686626,0.054445795,-0.094426289,-0.011760829,0.026920313,0.008732737,0.04836689,0.060216392,-0.042176925,-0.076961393,0.071497819,0.06739359,-0.164902186,-0.006286998,0.03708057
id11,0.041519983,0.001776504,0.020617181,-0.027119158,-0.097514611,0.053029273,0.035162511,-0.097934573,-0.018706047,0.033060617,0.025625839,0.040635395,0.065353758,-0.028583082,-0.066900304,0.060788155,0.092653588,-0.175909103,-0.009750696,0.052194771
id13,0.055168736,0.002211464,0.024031095,-0.033793076,-0.102780155,0.049136126,0.035530599,-0.063043212,-0.004063021,-0.000250796,0.002032449,0.032792342,0.031803159,-0.031412867,-0.054116471,0.081212557,0.064922769,-0.132289888,0.013776063,0.029132126
id15,0.02943572,0.006741095,0.070331564,0.016201556,-0.007970169,0.035034105,0.044030456,-0.117457608,0.051680022,0.022932847,0.026859704,0.063882888,0.037490904,-0.057096013,-0.121952264,0.032780224,0.006225257,-0.145747846,0.016211758,-0.009614201
id17,0.050657593,0.052221543,0.050331729,0.003870318,-0.119859633,0.086821951,0.084688005,-0.092135364,-0.015395369,-0.026308354,-0.001012069,0.097254189,0.049129481,-0.073398427,-0.07232307,0.095485174,0.054772312,-0.183680298,-0.045029779,0.00391007
id19,0.080085179,-0.011373108,0.064490544,0.011326816,-0.06810204,0.035987071,0.031298648,-0.083340251,0.011746203,0.029633837,0.046438392,0.048684079,0.023075517,-0.073890333,-0.10102827,0.081077015,0.050475919,-0.200887631,-0.017521071,0.041823484
id21,0.081409592,0.043092616,0.041193771,-0.003779615,-0.1149278,0.086657415,0.079004,-0.062676454,-0.020104835,-0.034693609,-0.020439223,0.078835777,0.036692084,-0.095922289,-0.059778712,0.101596177,0.080866836,-0.185192142,-0.049500205,0.017666616
id23,0.078071198,0.028076054,0.00279397,0.006151303,-0.144110187,0.060399855,0.052682791,-0.048894892,-0.036366783,0.049410688,0.045467737,0.026244271,0.040327442,-0.050697887,-0.070148615,0.073254128,0.075172754,-0.210353876,-0.059375976,0.081896025
id25,0.064500603,0.004652796,0.011705148,-0.013810716,-0.092711622,0.058256029,0.056043926,-0.078894275,-0.017202951,-0.002446108,-0.000167111,0.053612618,0.045652002,-0.060420585,-0.052450623,0.090513535,0.076664174,-0.158728784,-0.020129132,0.035361075
id27,0.039455943,0.02175078,0.031462427,-0.018744452,-0.103664325,0.065005979,0.054122136,-0.082596312,-0.015046119,0.010671542,-0.006958626,0.064973989,0.056079488,-0.042568271,-0.071252133,0.077372483,0.071202267,-0.162624329,-0.014765066,0.026122598
id29,0.051283977,0.022603194,0.082645828,0.007895747,-0.021134806,0.03463276,0.038416971,-0.125832177,0.054916909,0.020318872,0.044308497,0.063111226,0.02113002,-0.07266162,-0.132395778,0.048264429,0.014539932,-0.163072511,0.012443662,-0.001415133
id31,0.07459474,-0.003463208,-0.000844169,-0.042578267,-0.082435294,0.055076315,0.028735235,-0.087998394,-0.015532253,0.011771657,0.014212082,0.038651154,0.057748402,-0.033114426,-0.072436434,0.074053202,0.091543111,-0.150860729,0.008017478,0.034859798
id33,0.069740509,0.037181175,0.023592037,-0.008998479,-0.10345811,0.069311734,0.071794251,-0.090514841,-0.029567644,-0.004401334,0.0118649,0.058295894,0.046856537,-0.068170292,-0.050015303,0.08859601,0.069495754,-0.173201284,-0.04069784,0.022296325
id35,0.066234896,0.017009186,0.039709402,-0.031142303,-0.09828284,0.047559898,0.040893146,-0.090186063,-0.045469771,0.022485345,0.037482038,0.06881728,0.065097311,-0.054970648,-0.08718888,0.092042023,0.078709458,-0.183176817,-0.036700312,0.05107765
id37,0.055074786,-0.002645526,-0.007172316,-0.045774619,-0.094015787,0.055629986,0.038626224,-0.106028841,-0.022521029,0.047725431,0.023316853,0.034938698,0.068687628,-0.024144993,-0.060277544,0.069963089,0.07198624,-0.164584068,0.001305145,0.059910642
id39,0.095728207,0.025226951,0.057342347,0.01965489,-0.085877857,0.050541517,0.057423823,-0.057878285,0.021281939,0.003090558,0.031670569,0.063225848,0.025787326,-0.096707187,-0.09840097,0.060391569,0.046145107,-0.214065995,-0.032579596,0.027999241
id41,0.055282118,0.026011006,0.029791707,-0.031066695,-0.083293252,0.077305843,0.058699746,-0.113594201,-0.036564089,0.008360799,0.034223287,0.078469262,0.074836968,-0.073572998,-0.076001097,0.09371231,0.071728257,-0.178884311,-0.048855156,0.033410495
id43,0.034888917,0.045498662,0.033495193,-0.025842879,-0.113755126,0.091345121,0.05899767,-0.094134587,0.001422682,-0.008151265,-0.014066939,0.073385525,0.053092061,-0.046333492,-0.073649468,0.086358205,0.063382736,-0.160069874,-0.011839854,0.005976711
id45,0.068279574,0.038358159,0.040677269,0.002272185,-0.11085645,0.070657517,0.088642811,-0.0643431,-0.027699544,-0.029365298,-0.021462341,0.092116694,0.03222804,-0.083130411,-0.054556409,0.114326724,0.07357224,-0.189135484,-0.053342002,0.012759826
id47,0.035802424,0.066505451,0.081881147,0.01757791,-0.127048773,0.124076055,0.100330634,-0.067002787,0.033439588,-0.113896409,-0.08272294,0.110151606,0.006419505,-0.095713877,-0.025220482,0.115488254,0.070135234,-0.166803859,-0.022554735,-0.060843946
id49,0.061795765,0.005842003,-0.003209301,-0.034389251,-0.102531993,0.067598407,0.056695174,-0.085710841,-0.037225369,0.012978208,0.012895892,0.065092777,0.066978496,-0.039500815,-0.068988136,0.067715307,0.078738751,-0.152482731,-0.012254111,0.039961768
id51,0.066801555,0.003884136,0.045153736,-0.016677549,-0.092846155,0.050744703,0.043283477,-0.058427076,-0.021190789,-0.012873688,-0.003550946,0.056096778,0.043115612,-0.057993995,-0.051509022,0.105773968,0.07379924,-0.165896418,-0.029905055,0.022217488
id53,0.060019482,0.050455109,0.038704995,-0.001310983,-0.141104383,0.122848187,0.110903297,-0.093054351,-0.006994646,-0.032810194,-0.001851397,0.095039048,0.036143506,-0.106670494,-0.070778136,0.099309427,0.072352416,-0.191174919,-0.04981721,0.009791246
id55,0.08032236,0.032552407,0.032774896,-0.020373513,-0.115987591,0.079422397,0.062718282,-0.063412967,-0.01673537,-0.030433904,0.030533159,0.086780048,0.033010506,-0.049287306,-0.100791507,0.074239541,0.037262227,-0.158121868,0.014760306,-0.009232101
id57,0.059716756,0.018410601,0.022954101,-0.014725008,-0.110252254,0.059152371,0.049103228,-0.069593099,-0.004223619,0.018401021,-0.015752469,0.05330911,0.044364238,-0.04603,-0.06886079,0.077380194,0.063737496,-0.166810253,-0.008591315,0.03830969
id59,0.085271228,0.020636336,-0.018322415,-0.044213722,-0.085130489,0.074905457,0.048479548,-0.102217406,-0.034183726,0.01953773,0.004040432,0.052137887,0.066657292,-0.041610976,-0.057825731,0.085101998,0.073652395,-0.16761225,-0.021314724,0.042011135
id61,0.094518639,0.001698205,0.015667573,-0.039012037,-0.088547056,0.070928038,0.046592526,-0.059121406,-0.016297967,-0.019941238,-0.022398273,0.049457712,0.046740691,-0.037821157,-0.082048215,0.105393174,0.078989618,-0.15233518,-0.006096408,0.013632762
id63,0.093382326,-0.019124914,0.001895153,-0.051419139,-0.061977314,0.028628143,0.004804506,-0.059834157,-0.050296554,0.023938256,0.028608919,0.018030126,0.053372434,-0.033493047,-0.072243353,0.107896349,0.122168332,-0.160650666,-0.019165446,0.045480045
id65,0.040087039,0.027298758,0.069254375,0.012900499,-0.120393365,0.073869061,0.086548803,-0.088106109,-0.025891256,-0.02894551,-0.000478104,0.070896081,0.043558424,-0.078777151,-0.028085645,0.114123179,0.079007342,-0.189502995,-0.059486347,0.002122918
id67,0.108010856,0.001943428,0.005671396,-0.028847474,-0.074596616,0.050582025,0.051412196,-0.07073705,-0.046910546,-0.003237453,0.015555064,0.035355568,0.051554944,-0.061572273,-0.060981313,0.121268448,0.095072603,-0.174930343,-0.046454041,0.031840581
id69,0.042474706,0.010664143,0.015247835,-0.037513584,-0.091150077,0.063926949,0.037555707,-0.109599088,-0.017672649,0.035428129,0.022835566,0.040313865,0.068707631,-0.037196342,-0.067972281,0.079731695,0.076337663,-0.164002187,-0.010247553,0.042129872
id71,0.058524838,0.012319231,0.027257212,-0.012014029,-0.104981366,0.072834132,0.069514124,-0.094955048,-0.027960923,0.002008409,0.012091814,0.070383082,0.059174056,-0.074136404,-0.060874101,0.094186391,0.076380336,-0.182230929,-0.039393768,0.041872944
id73,0.088000614,0.040677864,0.022246187,-0.011729439,-0.110220296,0.092323356,0.084193877,-0.063822057,-0.047815925,-0.027871196,-0.004936413,0.079890644,0.050440963,-0.097408072,-0.056774611,0.10440012,0.076548153,-0.183308693,-0.06268287,0.027847795
id75,0.096512465,0.11396686,0.057742224,0.043804474,-0.232770944,0.21577714,0.268479334,-0.151124957,-0.038657608,-0.048990542,0.056109346,0.219461677,0.012130878,-0.182995445,-0.164077577,0.103094072,0.073413259,-0.276556274,-0.133490107,-0.031828276
id77,0.112789597,0.132648309,0.034862691,0.031549567,-0.173574461,0.109187668,0.124301722,-0.018635997,0.001009227,-0.084459137,-0.069798453,0.079518672,-0.033938157,-0.157155972,0.032867834,0.143469837,0.072073604,-0.212135016,-0.097839511,-0.026742025
id79,0.045941409,0.040850864,0.042778834,-0.001995197,-0.12377449,0.086811053,0.085434932,-0.096723139,-0.019697202,-0.025318403,-0.00546176,0.088350592,0.039505745,-0.075301887,-0.038590657,0.093456012,0.069101937,-0.17754084,-0.038928118,0.011100315
id81,0.059009958,0.051936662,0.077829519,0.011884508,-0.115417123,0.079102796,0.094659707,-0.08030231,-0.008592895,-0.059396456,-0.035789621,0.101803946,0.016971752,-0.095602868,-0.053573256,0.133515966,0.08633565,-0.194640737,-0.052778379,-0.016956819
id83,0.092462965,0.027043979,0.051236549,0.009296026,-0.112518916,0.058974086,0.0589269,-0.075300315,-0.004046894,0.004601809,0.02399341,0.051280882,0.043147242,-0.079471957,-0.088485659,0.084709451,0.066677135,-0.208354035,-0.053308771,0.049136113
id85,0.05530691,0.015234327,0.008090797,-0.018907775,-0.097437026,0.072370449,0.064247244,-0.091364002,-0.02248594,-0.007233091,0.019345154,0.071215224,0.059001349,-0.054970053,-0.063952098,0.080570703,0.050325377,-0.14432178,-0.017649231,0.022613463
id87,0.036100604,0.026114908,0.021675984,0.012006307,-0.119900305,0.061143884,0.064870879,-0.073321485,-0.004115281,-0.006764786,0.006228556,0.055388889,0.023579967,-0.034473159,-0.013315886,0.059315498,0.044483897,-0.155561691,-0.02194595,0.018489171
id89,0.097875579,0.02889905,0.014351628,-0.039966882,-0.094169649,0.092217298,0.060981867,-0.089637918,-0.04451496,-0.013183413,0.021665072,0.074701228,0.070731713,-0.085518804,-0.054746496,0.117121585,0.063956165,-0.19393675,-0.05184571,0.025019395
id91,0.077874349,0.026910512,0.0220357,-0.014358599,-0.107746726,0.074389197,0.062215842,-0.0600033,-0.02683641,-0.019636277,-0.005035354,0.060194449,0.041103542,-0.061072118,-0.060246161,0.091501394,0.065242078,-0.154978294,-0.028667916,0.017114091
id93,0.06505892,0.03416971,0.02271286,-0.027960863,-0.125361276,0.07596744,0.064282745,-0.079826606,-0.028106575,-0.001521749,0.025614433,0.068928059,0.053311488,-0.064559681,-0.077592526,0.081263039,0.067228574,-0.160774011,-0.028405713,0.035571733
id95,0.029231858,0.011727149,0.000846021,-0.037489642,-0.092970426,0.060940565,0.030985821,-0.111083399,-0.005970382,0.022498329,0.041734491,0.03634905,0.067253035,-0.01579958,-0.080287506,0.049504817,0.078651408,-0.135113921,0.017219889,0.031772422
id97,0.005611362,0.059107911,-0.013588675,-0.00383707,-0.053986312,0.036252678,0.057526,-0.098686525,0.015011747,0.032904493,0.0473774,0.080154973,0.075153301,-0.030933479,-0.091543635,0.034505955,0.025006272,-0.203091138,-0.012794978,0.039849721
id99,0.07959665,0.07783965,0.024868039,-0.004787385,-0.14789599,0.142070677,0.144014263,-0.111888181,-0.019799404,-0.04056574,0.005932001,0.130910753,0.027377434,-0.117049402,-0.084370943,0.09158046,0.069177321,-0.192407774,-0.06622146,-0.008380968
id101,0.046008844,0.030612179,0.047927328,0.001030649,-0.109761945,0.087921811,0.074299159,-0.087099907,-0.004844855,-0.032780756,-0.006561632,0.071897936,0.042377723,-0.061033764,-0.068440031,0.092505433,0.069972136,-0.162754949,-0.029915091,-0.001360268
id103,0.062408321,-0.051839065,-0.048386335,-0.104308563,-0.068853122,-0.014107241,-0.056076159,-0.073548307,-0.082175552,0.091595226,0.108361934,-0.008055145,0.086620436,0.058679648,-0.079702599,0.051541381,0.077819635,-0.077466774,0.027102988,0.100389292
id105,0.05383992,0.021827751,0.021514189,-0.03071665,-0.108593171,0.057589738,0.05250204,-0.103163871,-0.022663369,0.009411968,0.033541209,0.068132368,0.059635086,-0.055955235,-0.057801138,0.085930197,0.074713254,-0.168782047,-0.024156202,0.033193965
id107,0.052154149,0.023346222,0.048146791,-0.004394365,-0.102719987,0.062288884,0.056211203,-0.080386421,-0.011270539,-0.011823626,0.008193655,0.054878762,0.043930827,-0.059029612,-0.065144144,0.08676392,0.077102453,-0.164033714,-0.029005242,0.014790781
id109,0.068381565,0.01414155,0.063909934,0.006351631,-0.068378065,0.045865149,0.042956088,-0.098788057,0.029144456,0.024305505,0.052894183,0.059151668,0.025510121,-0.05924308,-0.122542675,0.058755912,0.030655667,-0.188069264,0.00716698,0.007830734
id111,0.063054107,0.062350724,0.050702214,0.011205736,-0.118838519,0.089599759,0.103582842,-0.089041288,-0.015813581,-0.04883297,-0.02919324,0.109045783,0.026791741,-0.094705005,-0.052037719,0.112920163,0.072414973,-0.194990447,-0.050708561,-0.00750671
id113,0.078872693,0.044738341,0.038435775,-0.00582183,-0.124754898,0.07679612,0.092847356,-0.062768255,-0.027354247,-0.043446216,-0.040702567,0.104689838,0.012882416,-0.11316793,-0.018163037,0.133309923,0.101378581,-0.186031927,-0.067464891,0.005724754
id115,0.054407893,-0.002149098,0.042014325,0.019865393,-0.110807238,0.044167882,0.054138742,-0.089332375,-0.030725808,-0.009332279,-0.005299096,0.053034303,0.0227324,-0.03999193,-0.04947905,0.112952765,0.075293423,-0.139362524,-0.01708362,0.014955894
id117,0.07292399,0.026781449,0.02237054,-0.02407554,-0.107199211,0.076349742,0.065120096,-0.101050473,-0.036755347,0.002208245,0.023636816,0.072211656,0.061894729,-0.073280506,-0.061490143,0.097846398,0.076205455,-0.185901978,-0.044109174,0.036313257
id119,0.013862479,0.00663265,0.08668444,-0.024380725,-0.032869684,0.05373719,0.040345718,-0.066183628,0.029027357,-0.020770344,0.094708022,0.032730168,0.000612639,-0.042366281,-0.048248949,0.128560128,0.050211621,-0.177957939,-0.098985231,-0.025349631
id121,0.052632542,0.03535811,0.033651936,-0.03099949,-0.106426832,0.075747059,0.06032046,-0.114527646,-0.03156594,0.004243284,0.034820443,0.078678956,0.069673683,-0.067287335,-0.07085858,0.098737138,0.067714881,-0.182773138,-0.034434244,0.027294715
id123,0.051548562,0.01595593,0.021541823,-0.0099625,-0.022551218,0.059409614,0.025612423,0.012557834,-0.000283166,-0.020379919,0.003951166,0.057455299,-0.038384286,-0.067004709,-0.056816251,0.104974405,0.084898882,-0.187324271,-0.085088002,0.049888383
id125,0.043829899,0.029750148,0.078031259,0.048845895,-0.033922192,0.067820311,0.075052921,-0.121427511,0.058812998,-0.006545009,0.017793844,0.060906737,0.002139718,-0.09465763,-0.099651488,0.074175041,0.016843929,-0.162512914,-0.023741968,-0.031543988
id127,0.10366018,0.014834887,0.041071903,-0.02900494,-0.122439755,0.058767889,0.032187852,-0.027526714,-0.030911471,-0.019334601,-0.013198671,0.039310739,0.028691886,-0.066659005,-0.055893628,0.112015151,0.112600366,-0.169398949,-0.032033569,0.02326045
id129,0.06548339,0.038588407,0.028996827,-0.005424934,-0.124441294,0.095330354,0.100608764,-0.091161368,-0.035961408,-0.019166544,0.004683674,0.098254284,0.040385419,-0.090045214,-0.066716213,0.110089699,0.071299724,-0.18069054,-0.054302452,0.014189424
id131,0.053333349,0.039737688,0.045316125,-0.0062864,-0.116590631,0.079297517,0.072065661,-0.081425384,-0.023143037,-0.022929611,-0.005456099,0.071912561,0.047119344,-0.068628158,-0.050079095,0.106342375,0.072231076,-0.175366624,-0.044071945,0.006621288
id133,0.087127513,0.037041377,0.048793603,-0.015637799,-0.131246179,0.105618892,0.082052889,-0.056290904,-0.001065278,-0.03551707,0.050809937,0.103430573,0.043830067,-0.05197511,-0.139919022,0.055693662,-0.015404647,-0.186938455,0.055370846,-0.035774895
id135,0.036988091,0.046871253,0.0842362,0.041352724,-0.223528569,0.067296924,0.040297345,-0.054576406,-0.010163327,0.010218824,-0.024254481,0.037439862,0.008852267,-0.047323158,-0.070371071,0.107116678,0.086743881,-0.165558874,0.022556796,0.005805041
id137,0.070922514,-0.009864538,0.001458898,-0.050267481,-0.085446128,0.047521232,0.027467089,-0.077374246,-0.037671269,0.033662087,0.027891179,0.027381623,0.073656145,-0.032802236,-0.064386136,0.069545912,0.094782114,-0.160796327,-0.015096526,0.059416097
id139,0.074659878,0.023643782,0.025438487,-0.014844101,-0.115673898,0.059437261,0.053551978,-0.07899913,-0.04084504,0.015940013,0.013536385,0.070188137,0.051010846,-0.06878749,-0.066324896,0.097118235,0.076951775,-0.180839931,-0.04336421,0.048201918
id141,0.047032475,0.000711938,0.011999927,-0.039440197,-0.098408611,0.055664902,0.031304987,-0.062114772,-0.018053681,0.025353547,0.021689139,0.04188087,0.070549581,-0.024919903,-0.070498628,0.057957491,0.073042706,-0.162571557,-0.008338239,0.047158026
id143,0.080935239,0.03875383,0.045218261,-0.013324389,-0.11382069,0.07757501,0.07834349,-0.078183265,-0.017739677,-0.039608418,-0.010690507,0.083878585,0.038820999,-0.094368303,-0.047450834,0.13665192,0.084026923,-0.189238918,-0.055515355,-0.004263901
id145,0.072536083,0.015188493,0.026906321,-0.022159204,-0.098991078,0.07134773,0.052443749,-0.076547312,-0.039736263,0.004399271,0.018825516,0.055072064,0.060406034,-0.066580665,-0.05879656,0.095529658,0.070948118,-0.178589247,-0.040128168,0.037925461
id147,0.073557237,0.003651188,0.054909637,0.02224174,0.013292674,0.051300202,0.034593495,-0.07677138,0.073239791,-0.043661797,-0.035615233,0.039310786,0.025951382,-0.112749523,-0.048356792,0.09088412,0.050472363,-0.149258005,-0.031739735,-0.035252152
id149,0.061289772,-0.009931193,0.003585238,-0.041720044,-0.07814775,0.051699602,0.026791666,-0.086157172,-0.032898076,0.028070835,0.021134948,0.022470806,0.062764013,-0.027874356,-0.059433841,0.072416407,0.102202871,-0.155486584,-0.012671242,0.051894102
id151,0.098239677,-0.001872203,-0.008000921,-0.068198331,-0.06876422,0.038684018,0.000747289,-0.035107641,-0.01977448,0.006880999,0.014824911,0.010112019,0.05077424,-0.055185488,-0.051941427,0.08543447,0.107799879,-0.145612815,-0.002085643,0.043045666
id153,0.156762436,0.0235313,-0.016262499,-0.028219016,-0.212851303,0.118955327,0.106305908,-0.019673276,-0.06256496,-0.08269734,-0.048682418,0.079017587,-0.049771427,-0.194808826,0.235835921,0.185430299,0.180384674,-0.272259685,-0.134627441,0.03619474
id155,0.06199696,0.036087553,0.025970077,-0.014106069,-0.108966689,0.08481617,0.075450242,-0.08898044,-0.02757306,-0.0103229,0.014588185,0.081515679,0.05766814,-0.074943808,-0.062632457,0.087135831,0.052366756,-0.171909913,-0.040747294,0.022587038
id157,0.069824456,0.041021159,0.052270519,-0.020542907,-0.111282102,0.079510494,0.063092044,-0.078283576,-0.011006993,-0.030067949,-0.004527535,0.07643391,0.043127825,-0.078940047,-0.06868884,0.112250917,0.078546983,-0.179475121,-0.037933055,0.004669819
id159,0.058024456,0.028350538,0.007660421,-0.01021546,-0.110792651,0.08305202,0.074668854,-0.078128701,-0.012548993,-0.022632048,-0.017865937,0.078653798,0.035504338,-0.06536464,-0.031111702,0.072414071,0.048358269,-0.146252009,-0.012974127,0.021199503
id161,0.053663316,0.018624743,0.010426691,-0.033963641,-0.086026161,0.094201944,0.081425137,-0.150615045,-0.07074214,0.037576625,0.044800651,0.101949058,0.122118472,-0.098062736,-0.093758013,0.096883984,0.067049929,-0.213322476,-0.066524136,0.084293796
id163,0.048739917,0.001096403,0.020381644,-0.002348285,-0.037735377,0.056060735,0.018692435,0.012926794,-0.010309038,-0.025410173,0.034533945,0.033815468,-0.02580367,-0.038172328,-0.056461221,0.103683675,0.065903999,-0.187782731,-0.058548267,0.046736074
id165,0.073373497,0.02166823,0.027123863,0.002799459,-0.181428623,0.051586092,0.038289444,-0.062418758,-0.024855077,0.0424374,0.033100845,0.058770152,0.023984027,-0.024879662,-0.061736828,0.076348385,0.044070768,-0.169323853,0.003353147,0.02773749
id167,0.071007737,0.023987622,0.044871181,-0.004080855,-0.100784156,0.0567001,0.050327503,-0.083783563,-0.013773447,-0.008784078,0.021295017,0.067718311,0.039525079,-0.05080943,-0.095988657,0.082443489,0.058825345,-0.165504931,-0.011256316,0.018064052
id169,0.047159549,0.030639385,0.027006603,-0.009852664,-0.108075049,0.067748286,0.042450792,-0.071514515,0.000540413,-0.00688953,0.004390196,0.050135188,0.042473179,-0.045207504,-0.074205078,0.076033209,0.079623363,-0.158316308,0.000221512,0.005638972
id171,0.054374038,0.026248292,0.075053291,0.027552626,0.032920786,0.042675177,0.025991393,-0.135760963,0.080590538,0.006178182,0.005051885,0.044832983,0.025169562,-0.076022852,-0.145287608,0.02813328,-0.010872302,-0.112120382,0.019952225,-0.014660151
id173,0.087295353,0.074438035,0.054197954,0.01975774,-0.171726703,0.167894243,0.193471098,-0.12758613,-0.028444116,-0.027221781,0.044950551,0.169215229,0.018187592,-0.145415326,-0.146031781,0.102592823,0.075564299,-0.246506361,-0.107359288,-0.007273431
id175,0.063409223,0.018252085,0.020909956,-0.032786935,-0.102031086,0.06948798,0.064380474,-0.088266567,-0.015968801,0.000563031,-0.003474016,0.059043298,0.051116133,-0.036897855,-0.073762816,0.072229521,0.075164951,-0.15639549,-0.006414855,0.021441772
id177,0.083422578,0.051649637,0.026079354,-0.020879032,-0.131525872,0.123175227,0.119047005,-0.100442265,-0.034666475,-0.027957003,-0.007778157,0.106552764,0.045545797,-0.119244138,-0.056855563,0.119538912,0.082185513,-0.20651349,-0.073357764,0.022022971
id179,0.089409494,0.018648264,-0.000117713,-0.033587739,-0.13838071,0.02277407,0.006967871,-0.026578921,0.000574671,0.029184381,0.011097522,0.009425968,0.030961831,-0.013855439,-0.060411525,0.093842771,0.035999923,-0.141978941,0.020406776,0.045617446
id181,0.060235638,0.031209063,0.054546685,0.005937243,-0.143272713,0.077762041,0.088000736,-0.066446673,-0.016272718,-0.012638373,-0.003456882,0.091836182,0.040920178,-0.083658197,-0.067059362,0.099569494,0.07164354,-0.194838659,-0.049433703,0.015416482
id183,0.038627633,0.025637137,0.012302229,-0.015134833,-0.104173751,0.057446539,0.063506485,-0.091258878,-0.014005853,0.019435496,0.026167805,0.069784071,0.057906007,-0.040085625,-0.059587226,0.073263712,0.051864356,-0.16871768,-0.031845549,0.028867924
id185,0.063559935,0.051976077,0.025211902,0.020700772,-0.104331073,0.096953241,0.101589786,-0.07116556,-0.012622755,-0.053924172,-0.034148397,0.104511837,0.02037219,-0.073540559,-0.062073574,0.084158458,0.038342111,-0.153745871,-0.027899684,-0.013924662
id187,0.054611845,0.043598652,0.034979749,0.005526756,-0.123002837,0.085533304,0.088254393,-0.11816848,-0.020820753,-0.023296288,0.006415597,0.094535693,0.059802709,-0.077053246,-0.06325894,0.102152073,0.074539816,-0.181789686,-0.050837911,0.008277553
id189,0.055503849,0.011711112,0.012063911,-0.028095557,-0.102730271,0.059392418,0.057430283,-0.097585968,-0.031351038,0.014388856,0.039454993,0.057138698,0.068447879,-0.046048392,-0.061592973,0.078900912,0.063287403,-0.162722235,-0.024794184,0.037200303
id191,0.025972344,0.075766558,0.023227877,-0.019051893,-0.102806269,0.063053953,0.039574552,-0.113677848,-0.011658851,-0.002923255,0.031170451,0.09761551,0.054050445,-0.047287602,-0.068163209,0.095154954,0.068185654,-0.178990291,-0.039913505,0.010700423
id193,0.034828376,0.031815437,0.016957028,-0.030749842,-0.103629832,0.080807093,0.058047485,-0.113939866,-0.00642578,0.016090791,0.008940375,0.057587997,0.067646999,-0.042059802,-0.067511295,0.061444326,0.06200263,-0.154003387,-0.006592584,0.028743852
id195,0.084468152,-0.007297815,0.001920811,-0.056459303,-0.084575983,0.030975447,0.017915237,-0.08167928,-0.055632856,0.033721286,0.040131071,0.043405927,0.074188752,-0.048339763,-0.046439477,0.086740265,0.088883234,-0.16333516,-0.028492058,0.069901515
id197,0.04111717,0.016273191,0.028292199,-0.002363216,-0.090861982,0.070170176,0.045867744,-0.074456827,-0.009685207,0.000359281,0.001904877,0.060062685,0.049566642,-0.056301309,-0.075725544,0.065862951,0.075556196,-0.161094156,-0.010782197,0.026237324
id199,0.04744034,-0.035799351,-0.059232373,-0.138296164,-0.045778239,-0.008914259,-0.052860831,-0.122549111,-0.049044793,0.124498695,0.123143933,-0.042455809,0.120000342,0.036140729,-0.093017192,0.036807657,0.106808782,-0.112813324,0.042193356,0.123727609
id201,0.092425188,-0.014310493,-0.001158675,-0.041989137,-0.088075578,0.048333511,0.031805986,-0.058289895,-0.042752246,0.018644909,-0.000150476,0.036204153,0.054313161,-0.038959131,-0.066474128,0.093414057,0.099222575,-0.158822147,-0.019474611,0.056092978
id203,0.10172401,0.048173086,0.036340603,0.006325658,-0.102283471,0.08363008,0.081014303,-0.03451159,-0.022962118,-0.061233192,-0.039039314,0.064202642,0.016020854,-0.106573536,-0.024530866,0.12021084,0.075715375,-0.176522516,-0.061296531,-0.004404316
id205,0.057834717,0.016803428,0.041182658,-0.002561372,-0.113236407,0.073427516,0.06690924,-0.097373934,-0.017551566,0.00247732,0.007922491,0.055190696,0.057492766,-0.055374336,-0.076822088,0.097990551,0.067241155,-0.179590085,-0.030762904,0.028800156
id207,0.065390861,0.008985151,0.030307325,-0.025976921,-0.096210939,0.061742454,0.061629532,-0.090551049,-0.014730407,-0.01461681,0.011686279,0.058815013,0.04431493,-0.047350462,-0.079734453,0.100814774,0.06761465,-0.150803428,-0.006066361,0.01473986
id209,0.073429658,0.034365086,0.03352906,-0.005541152,-0.114150407,0.080247904,0.081789395,-0.08354304,-0.032126614,-0.019519463,-0.001286961,0.085173624,0.054931661,-0.082678522,-0.059469205,0.105272116,0.066877015,-0.187053359,-0.050957079,0.02071028
id211,0.059233773,0.031187896,0.029517925,0.004782078,-0.138824986,0.103749387,0.104978708,-0.107039168,-0.029819629,-0.01179643,0.021059454,0.087899983,0.051906912,-0.104504393,-0.04364133,0.105825641,0.07225169,-0.192272682,-0.06581175,0.021316921
id213,0.047831133,0.010609842,0.031885526,-0.005341718,-0.10720708,0.073626629,0.065180397,-0.111865179,-0.029912831,0.005921408,0.02396336,0.057330514,0.061461236,-0.050047267,-0.065221144,0.097463189,0.070956391,-0.174136665,-0.02947409,0.026976349
id215,0.119042678,0.054117024,0.064821899,0.011321052,-0.106564323,0.094743789,0.081272116,-0.02301454,-0.034556983,-0.06632811,-0.053326981,0.08105096,0.017663985,-0.143911397,-0.037130858,0.156008611,0.100267975,-0.210794513,-0.105557359,0.000874976
id217,0.037604033,0.074045669,0.002166647,-0.082948988,-0.105394485,0.04951562,0.019710815,-0.103646309,-0.043378573,0.056870052,0.059915955,0.094669865,0.092176787,-0.026031356,-0.101707032,0.05007527,0.074959245,-0.174541555,-0.021191451,0.047129792
id219,0.058155317,0.008868874,0.030697145,0.00971211,-0.102374525,0.067958992,0.071054486,-0.075387115,-0.04002516,-0.00998596,0.002542498,0.06857349,0.043766491,-0.068264882,-0.065607823,0.108193702,0.084469839,-0.176234303,-0.041629936,0.025516762
id221,0.014057231,0.015344222,0.087168268,-0.007703701,-0.036442376,0.052788163,0.044086437,-0.068522924,0.011234845,0.000393384,0.100647086,0.024153815,-0.023744762,-0.044813174,-0.062760662,0.133849074,0.058817706,-0.180217333,-0.106205059,-0.012130242
id223,0.074271022,-0.000518846,0.046865611,0.00550201,-0.095985953,0.013504911,0.038017072,0.004434623,-0.026383864,0.005587149,-0.0136683,0.080782787,-0.008239568,-0.03823782,-0.05423918,0.070547248,0.098862904,-0.198665985,-0.044577653,0.042141833
id225,0.076967741,0.04496892,0.027815723,-0.026081938,-0.116698365,0.095529747,0.080934694,-0.093505036,-0.03341843,-0.00359218,0.019010924,0.084374884,0.062035666,-0.090705624,-0.069878159,0.085361451,0.063821809,-0.193636399,-0.052310405,0.039004976
id227,0.065008522,0.022965518,0.05515329,0.008469467,-0.069409153,0.066714993,0.056441832,-0.097046415,0.019297602,0.006162004,0.026606093,0.071497319,0.017525053,-0.082340662,-0.09450008,0.072076844,0.048403834,-0.172134858,-0.030559888,0.009668683
id229,0.02286766,0.002634103,0.084469522,0.028487111,0.064211646,0.020610377,0.019086909,-0.164132758,0.089835218,0.027685204,0.015873517,0.047769167,0.027467409,-0.050268365,-0.159866829,0.012406789,-0.018169513,-0.081118225,0.041054418,-0.03090336
id231,0.060188582,0.036852953,0.034687959,-0.005472083,-0.117791544,0.074700585,0.075117252,-0.108229035,-0.011652064,-0.003312828,0.011443666,0.084659591,0.049871614,-0.075623926,-0.065183319,0.100034771,0.061422348,-0.196527114,-0.03081168,0.02562427
id233,0.051363059,0.013282364,0.012789361,-0.015400966,-0.096320773,0.061745829,0.048221388,-0.084485112,-0.014092396,0.01385675,0.017419461,0.052922261,0.048129496,-0.04408634,-0.069321971,0.065461925,0.078414973,-0.162889411,-0.00402939,0.027019494
id235,0.131693863,0.117290305,-0.03474202,-0.03876277,-0.135647555,0.060759226,0.033451307,-0.054363492,0.004595159,0.009025209,0.037198224,0.066216559,0.02441634,-0.085431285,-0.063549193,0.056832859,0.069676636,-0.193202275,-0.050739633,0.045282536
id237,0.073335336,0.001340636,0.024403655,-0.013614991,-0.112410337,0.050301591,0.048223891,-0.073491661,-0.01061581,-0.000342797,0.001417237,0.042169204,0.037411249,-0.049599153,-0.044801287,0.108269382,0.070303309,-0.162391745,-0.017213042,0.027305333
id239,0.047593165,0.023972065,0.014603067,-0.024192722,-0.101179052,0.072727336,0.059273276,-0.094156765,-0.018017707,0.017030752,-0.00018098,0.058822665,0.057393301,-0.040009468,-0.069525939,0.074151295,0.064847176,-0.162411392,-0.012464483,0.03172441
id241,0.061776018,0.040129003,0.042073854,-0.018327189,-0.10159554,0.067581445,0.060512106,-0.090886531,-0.016218628,-0.024814082,-0.003772835,0.083705005,0.040699911,-0.064490427,-0.073258138,0.102079095,0.083227806,-0.162169684,-0.032637034,0.006385845
id243,0.088457965,-0.010160809,0.014307904,-0.031200549,-0.055303482,0.040711346,0.038398555,-0.098050776,-0.052316948,0.018384982,0.019683684,0.042349686,0.056460338,-0.066248992,-0.053855262,0.119077992,0.113127046,-0.189946601,-0.049284911,0.055408833
id245,0.07120843,0.015142559,0.026705223,-0.009760245,-0.068513562,0.057324473,0.037829295,-0.105314299,0.011045803,0.03013201,0.061186278,0.053439559,0.041381926,-0.064391188,-0.09435335,0.057102336,0.056256718,-0.180851241,-0.022727945,0.027157223
id247,0.110418607,-0.044535261,-0.042258684,-0.096972179,-0.126590914,-0.00705224,-0.048814469,-0.002072903,-0.075933715,0.101005611,0.094500199,-0.039365979,0.095718611,0.052673207,-0.077119349,0.060243645,0.030885339,-0.106052318,0.028137576,0.093185215
id249,0.072894599,0.101467956,0.053322475,0.014228724,-0.175050402,0.196979631,0.214962657,-0.166771915,0.000584433,-0.030462065,0.062444153,0.179141278,0.050731754,-0.145855119,-0.195821238,0.085349404,0.044982294,-0.236542557,-0.101390471,-0.025195592
id251,0.077477266,0.028075777,0.050785127,-0.000484546,-0.109786461,0.084516282,0.0744368,-0.058197792,-0.024583665,-0.04519271,-0.019009816,0.084457995,0.04047991,-0.091876175,-0.040313913,0.127045597,0.077654584,-0.192065052,-0.060724194,-0.002695015
id253,0.078831719,0.041187648,0.043868283,-0.002032614,-0.128443821,0.092652203,0.087865153,-0.081135615,-0.029529817,-0.035428773,-0.019471608,0.096685117,0.032855538,-0.100141885,-0.048612441,0.116830655,0.083611585,-0.189256319,-0.05679536,0.016460351
id255,0.082676376,0.06828095,0.043137799,0.002542236,-0.133459907,0.115418997,0.105431887,-0.030455883,-0.000207033,-0.083291827,-0.062643327,0.094936146,0.005933357,-0.132253893,0.006960482,0.102079611,0.069099732,-0.177277227,-0.06111561,-0.015792867
id257,0.04818606,0.032507802,0.050959847,0.010965852,-0.109182452,0.066851349,0.074881233,-0.074661211,-0.017790657,-0.01315355,-0.011212556,0.081741264,0.038212484,-0.068400399,-0.071989029,0.092383408,0.067843421,-0.181462027,-0.038182627,0.021501788
id259,0.02692048,0.041271479,0.020160899,-0.035414852,-0.113998895,0.071043559,0.046252546,-0.108808769,0.004946076,0.015984167,0.015086771,0.05646559,0.067367043,-0.03823323,-0.063783352,0.059455646,0.067752197,-0.153000534,-0.005208221,0.025741403
id261,0.060367521,0.025692366,0.033375382,-0.013536874,-0.107784466,0.08467548,0.081621069,-0.106803024,-0.043062465,-0.007569883,0.019407158,0.084229803,0.062347617,-0.087171977,-0.061090857,0.110837727,0.087028954,-0.194504228,-0.05663972,0.028580417
id263,0.064057471,0.019507913,0.030778785,-0.004438965,-0.103099492,0.077350984,0.070085553,-0.076501418,-0.026549601,-0.007067272,0.002460235,0.060350175,0.049284792,-0.074036328,-0.060381095,0.091579746,0.065594909,-0.16815436,-0.038820426,0.027998392
id265,0.151136072,-0.085485253,-0.047149019,-0.132735059,-0.105481752,-0.062133619,-0.089329073,-0.001868466,-0.112541133,0.157104736,0.121260578,-0.021793205,0.092871531,0.048264767,-0.12457493,0.108731616,0.10499171,-0.140910264,-0.013576797,0.153217561
id267,0.119815629,0.012920655,0.028504239,-0.007633152,-0.158711055,0.069143669,0.032413962,-0.056583804,-0.047874925,0.025463143,-0.002252626,0.042693352,0.029225241,-0.091855023,-0.068547225,0.105272402,0.12931766,-0.173241634,-0.047979978,0.05990947
id269,0.07056512,0.031729626,0.035352057,-0.016527577,-0.104277853,0.07932255,0.074599591,-0.08650109,-0.023198971,-0.021649754,0.002296607,0.073141279,0.050364726,-0.071167956,-0.066609679,0.103290536,0.07551649,-0.180783819,-0.04084129,0.015379405
id271,0.025364969,0.058480858,0.019832357,-0.007376849,-0.1044111,0.058305624,0.066402697,-0.103391679,0.003780697,0.005300941,0.020917808,0.09622274,0.036258424,-0.042787567,-0.036947676,0.089326818,0.047961089,-0.202381696,-0.036512511,0.005654056
id273,0.062721417,0.011228047,0.030972875,-0.031198461,-0.098795667,0.064138614,0.055950466,-0.097969888,-0.028587916,0.015899987,0.037597762,0.054872768,0.073854895,-0.066847102,-0.074941799,0.099166428,0.074726497,-0.184276783,-0.0417464,0.04323426
id275,0.065666411,0.04577385,0.054009485,0.017140153,-0.145360492,0.117033673,0.122032326,-0.082970724,-0.007470865,-0.034906184,-0.014365489,0.109958791,0.026096754,-0.111119472,-0.086110268,0.09926737,0.078093753,-0.189135913,-0.057908292,-0.005724867
id277,0.071039347,0.020292165,0.030760907,-0.022427033,-0.097192096,0.067180839,0.044232316,-0.072832346,-0.021465795,0.009344823,-0.023708896,0.054937408,0.054993609,-0.049400405,-0.075250722,0.085357556,0.073239104,-0.168817761,-0.01644745,0.03616443
id279,0.079329528,0.046209385,0.054020863,0.011923807,-0.136125182,0.101415715,0.080089424,-0.036449338,0.009893783,-0.052731277,-0.050676712,0.069229561,0.009054878,-0.095448812,-0.044471167,0.106183349,0.08111096,-0.180072751,-0.042576629,-0.009909386
id281,0.153140969,0.073055803,-0.007686494,-0.061774998,-0.084169107,0.071675049,0.054191389,-0.089704857,-0.075473609,0.009909636,0.04368648,0.079347006,0.0746042,-0.117965757,-0.050093052,0.099997489,0.092450025,-0.227069398,-0.097178755,0.059057982
id283,0.094984191,0.022233497,0.059037535,-0.009259248,-0.111088736,-0.01315846,0.007350365,0.068968604,0.060080666,0.052556904,-0.07787533,0.0452439,-0.03167025,-0.073827648,-0.111020233,0.061381762,0.090170275,-0.214724085,-0.039290788,0.119907078
id285,0.052187538,0.079246344,0.032148698,-0.026785942,-0.131821444,0.094691179,0.076350058,-0.083484267,-0.025855914,-0.052215302,-0.003216637,0.113017129,0.049559792,-0.100039674,0.037678799,0.096678678,0.05879635,-0.188205714,-0.062169484,-0.016560186
id287,0.064560758,0.028242902,0.015352286,-0.02905155,-0.10206997,0.063053931,0.067985976,-0.09314171,-0.019846896,-0.000565903,0.017453873,0.065225925,0.064916398,-0.058292648,-0.076715543,0.079739492,0.061842529,-0.160897739,-0.019853613,0.032061503
id289,0.073162299,0.031099118,0.035008395,-0.002397026,-0.099082123,0.070886611,0.077521107,-0.087105304,-0.029929769,-0.007632993,0.008050608,0.068725639,0.051219855,-0.06972919,-0.056527403,0.099911511,0.062556199,-0.193268539,-0.054941525,0.022472529
id291,0.05689011,0.024783833,0.027051726,-0.01501908,-0.111557651,0.073924479,0.063661775,-0.096279734,-0.022095118,-0.014792884,0.005780672,0.066246943,0.050163627,-0.062113948,-0.060507469,0.099898953,0.088993631,-0.168812376,-0.02718228,0.020964791
id293,0.052420435,0.035754741,0.018829575,-0.028976512,-0.107512307,0.080099232,0.074807708,-0.103183321,-0.002672066,0.003666076,0.016101623,0.059932597,0.063299029,-0.070286352,-0.073929224,0.084978288,0.067935705,-0.173766099,-0.028724234,0.031225105
id295,0.056122557,0.035036165,0.084796513,0.033451901,-0.056773168,0.072918039,0.076676813,-0.11325161,0.043159205,0.005405884,0.043355689,0.092641134,0.005609296,-0.096357081,-0.104790339,0.081933358,0.034453857,-0.237942213,-0.037154917,-0.019291083
id297,0.036380049,-0.00196295,0.045373794,0.011114591,-0.120485099,0.080755917,0.069390238,-0.091507656,0.011013343,-0.016209867,-0.004872265,0.040363618,0.047912829,-0.056991844,-0.023119767,0.084268979,0.063064685,-0.16575042,-0.022370189,0.013632016
id299,0.043824437,0.018002274,0.034898959,-0.009884914,-0.111309385,0.080199405,0.067357024,-0.109030805,-0.009105693,-0.006860065,0.017180446,0.063425321,0.059515201,-0.064353542,-0.050222673,0.086951235,0.062005509,-0.16900076,-0.024302175,0.0207102
id301,0.054081349,0.013974246,0.032302347,-0.018733126,-0.110159209,0.072821034,0.063744031,-0.103909329,-0.032375832,-0.007235716,0.010927549,0.064852257,0.049709799,-0.076197359,-0.041265118,0.105487513,0.102973995,-0.170043513,-0.040013225,0.029058307
id303,0.026259254,0.003940187,-0.007763037,-0.071234905,-0.063142675,0.05328541,-0.002453811,-0.127902691,-0.040303545,0.065279854,0.079816541,0.038644129,0.091278233,-0.031533594,-0.084329758,0.054420299,0.102390171,-0.157969703,0.001888737,0.069430904
id305,0.058456606,0.017204669,0.018938537,-0.020309465,-0.103840143,0.08054557,0.061946557,-0.112821815,-0.043195141,0.016416437,0.035071386,0.066639619,0.074909999,-0.065370929,-0.071710348,0.088501348,0.070375751,-0.180249898,-0.03745351,0.045944767
id307,0.084878029,0.02119669,-0.00109019,-0.008812562,-0.136947555,0.011161278,0.053870031,-0.03766661,0.001823766,0.034840712,0.039245157,0.050570806,0.051412499,-0.045365919,-0.069215671,0.05383832,0.047437714,-0.186195536,-0.018431749,0.053450789
id309,0.120577372,0.023969229,0.017780946,0.006087299,-0.122046514,0.056518736,0.071099965,-0.032342901,-0.031326697,-0.000942524,-0.01667625,0.060796731,0.010550507,-0.072737065,-0.058236366,0.085421262,0.089927122,-0.189713903,-0.054104162,0.035397213
id311,0.02192149,0.087058279,0.016173131,0.008438631,-0.088827787,0.127651586,0.124753896,-0.144805702,-0.000916645,-0.018954771,0.023424237,0.133254034,0.02850992,-0.102720481,-0.069288009,0.07919929,0.062301548,-0.216690291,-0.075521743,0.005039387
id313,0.043072268,0.005090756,0.03117349,-0.002978779,-0.104984586,0.058180486,0.056377601,-0.107920638,-0.010274794,-0.003200507,0.011643243,0.056034826,0.061771277,-0.054822211,-0.051930831,0.100637619,0.092513006,-0.176600098,-0.030749372,0.026967242
id315,0.08895603,0.082451571,0.021288704,-0.002851905,-0.159825917,0.141792516,0.14116883,-0.108278094,-0.027980245,-0.029862384,0.024761644,0.119330405,0.047789541,-0.115377354,-0.089504861,0.084551279,0.053435234,-0.208318491,-0.074937475,0.011410974
id317,0.055564037,0.032144982,0.029327012,-0.029479904,-0.107298327,0.074971148,0.05489729,-0.092492443,-0.020309493,0.001353197,0.020190542,0.063151868,0.057197745,-0.061905419,-0.071593588,0.084113937,0.070169269,-0.166676735,-0.022838116,0.029512998
id319,0.066723533,-0.02190947,0.006006491,-0.027123052,-0.057445149,0.042683516,-0.00065031,-0.075953411,-0.046220862,0.057568962,0.0465729,0.009970958,0.070090817,-0.057790452,-0.061159567,0.075964755,0.105947177,-0.184664149,-0.02990859,0.081295903
id321,0.045436335,0.044697537,0.04289337,0.006540875,-0.132038054,0.098472057,0.099097288,-0.107146625,-0.017874618,-0.01125111,0.008756307,0.109035758,0.034168723,-0.075645805,-0.090397491,0.076434297,0.062727143,-0.161768716,-0.029483709,-0.002653561
id323,0.084202902,-0.006640851,0.046145801,-0.020558291,-0.078037354,0.04040254,0.023461882,-0.051250812,-0.044336177,0.006751917,-0.002128908,0.023425136,0.044983836,-0.070839074,-0.035959389,0.105886261,0.112872761,-0.180033289,-0.047192371,0.048843479
id325,0.037149242,0.001137332,0.008647082,-0.001108296,-0.133038186,0.038388387,0.068804656,-0.097316505,0.007647,0.066846245,0.052458915,0.042737989,0.064181104,-0.026507311,-0.124637047,0.073695795,0.070179313,-0.188199376,-0.002213671,0.041147332
id327,0.093708161,0.065108054,0.03125977,-0.012959006,-0.117935654,0.07968271,0.074476297,-0.071877734,-0.020098677,-0.026930401,-0.016604178,0.073010308,0.030984826,-0.112350169,-0.029850089,0.110141649,0.091700818,-0.199175498,-0.069999556,0.02770837
id329,0.101330955,0.047741131,0.04574486,-0.01770327,-0.103238074,0.071053641,0.065401826,-0.076688455,-0.016142757,-0.017227151,-0.000872837,0.062923007,0.047781135,-0.102566935,-0.045751789,0.118620005,0.087328126,-0.216005601,-0.071996735,0.02026892
id331,0.063927287,0.00760156,0.016866708,-0.01933773,-0.078896227,0.052829405,0.035439014,-0.07804987,-0.024326314,-0.001412552,0.009329637,0.048938293,0.044127495,-0.043341563,-0.069565532,0.083690415,0.094927727,-0.159422843,-0.006775763,0.023450852
id333,0.051691445,0.027539242,0.039989581,-0.006589254,-0.112611966,0.072274137,0.068737951,-0.092204028,-0.006927344,-0.014605293,0.005378188,0.063880784,0.046747925,-0.056995981,-0.074201902,0.089079066,0.064152171,-0.163586094,-0.014463677,0.012715048
id335,0.048045706,0.013013602,0.010096858,-0.029124275,-0.095376923,0.070924764,0.046617471,-0.089796988,-0.019955146,0.011673957,0.018885776,0.049287317,0.062490801,-0.038013126,-0.074034077,0.070379048,0.0791843,-0.158956347,-0.008648019,0.0333053
id337,0.048470749,0.020692392,0.033721789,0.002869248,-0.123718573,0.094681333,0.068328569,-0.077732684,-0.0052338,-0.013017024,-0.037788635,0.054818678,0.048828045,-0.038578473,-0.085318044,0.085892939,0.051565855,-0.144479726,0.007354571,0.008642791
id339,0.054334255,0.016245254,0.0359435,-0.019634348,-0.101384908,0.066522793,0.049523519,-0.095224651,-0.014426865,0.005964929,0.027691119,0.050816199,0.068066912,-0.057046608,-0.070480239,0.092594023,0.061874513,-0.171859409,-0.022922346,0.023402359
id341,0.073961373,0.016675443,0.028286749,-0.040336468,-0.097007802,0.050447227,0.040341828,-0.108975815,-0.036845515,0.016410884,0.019787716,0.052831648,0.061343729,-0.048478273,-0.068973977,0.101587166,0.097332393,-0.178341639,-0.02558953,0.045542863
id343,0.031473594,0.043222028,0.043565653,0.003420033,-0.12184993,0.094397344,0.093630892,-0.097230548,-0.019509793,-0.023798306,0.006857614,0.09395181,0.05670433,-0.080004648,-0.052561825,0.086558458,0.056957838,-0.1732749,-0.048842555,0.006332912
id345,0.083705426,0.014456945,0.037087423,-0.026849269,-0.138319497,0.088466737,0.079181498,-0.073736572,-0.050985101,0.014288001,0.006645586,0.086817083,0.050679695,-0.098049365,-0.089126806,0.11526173,0.117560288,-0.20682896,-0.068896727,0.058641886
id347,0.065382848,0.026399003,0.044701264,0.006916897,-0.140341625,0.097002043,0.103275364,-0.089579276,-0.028303038,-0.020172346,0.00119638,0.102735076,0.035031402,-0.088187942,-0.067054569,0.107914625,0.083377362,-0.192190722,-0.051914741,0.003811994
id349,0.05774876,0.014202682,0.027155475,-0.036079241,-0.102743275,0.069914316,0.039420281,-0.095058679,-0.029898076,0.003828395,0.026670848,0.045893257,0.067989006,-0.052391221,-0.080079286,0.086176017,0.088972806,-0.156677102,-0.010176659,0.035131696
id351,0.080593709,0.037741797,0.0235044,-0.027916235,-0.11872737,0.088518101,0.074518776,-0.084962034,-0.017776523,-0.011472008,0.015929775,0.073753324,0.048938229,-0.073040808,-0.065940129,0.081368643,0.074904162,-0.176804265,-0.041949264,0.018817719
id353,0.053471556,0.015453052,0.041912164,-0.001022466,-0.103227544,0.061845648,0.063006519,-0.07848362,-0.009136285,-0.017836489,-0.009124813,0.070143005,0.037142854,-0.053443097,-0.050139468,0.096299192,0.061902486,-0.163493207,-0.025669471,0.010399985
id355,0.048205209,0.052661494,0.051707106,0.016077625,-0.127442396,0.091145702,0.089307185,-0.081344028,-0.010719581,-0.038726318,-0.013639913,0.091186432,0.045859313,-0.089244752,-0.04840141,0.090445585,0.059956361,-0.177403267,-0.046876076,-0.002754271
id357,0.060590771,0.059097494,-0.020548319,-0.004455313,-0.107136903,0.048350464,0.090142637,-0.102237799,0.037912224,0.006033585,0.014215901,0.049699364,0.016164068,0.002000396,-0.108318212,0.007621116,0.027204273,-0.139097108,0.036886009,0.025875353
id359,0.076330137,0.008285736,0.043425996,-0.030060007,-0.084773027,0.044451682,0.042154246,-0.073690998,-0.0414779,0.007382773,0.015982773,0.04504793,0.053739771,-0.063777867,-0.081221911,0.125903119,0.10835651,-0.183975269,-0.047111777,0.035028083
id361,0.099489447,0.009059682,0.013322244,-0.039009695,-0.091904145,0.05547288,0.046971272,-0.099569253,-0.061684605,0.032612799,0.037427447,0.057472457,0.068257751,-0.078122036,-0.064250347,0.109545325,0.099127783,-0.203376159,-0.05971296,0.068870113
id363,0.183103187,0.08861002,0.017886417,-0.009493795,-0.251550232,0.160096194,0.077376565,-0.081523878,-0.09446179,0.017812602,0.049854012,0.067584228,-0.017228149,-0.105146367,-0.112156587,0.085192915,0.097510219,-0.22703738,-0.036206241,0.089778061
id365,0.043523082,0.029019404,0.060427951,-0.001618854,-0.110773825,0.070655018,0.072472642,-0.091636572,-0.017755011,-0.011222153,0.001864694,0.077155707,0.043475738,-0.067387442,-0.072756982,0.093558917,0.073895353,-0.18120631,-0.032125445,0.020434088
id367,0.082657326,0.019247294,0.008072817,-0.020900692,-0.105748941,0.068017998,0.070370483,-0.089837498,-0.04937213,0.00711079,0.025495883,0.067015975,0.062282068,-0.074143445,-0.054058512,0.101167114,0.077564159,-0.187355614,-0.051554042,0.043968968
id369,0.069414565,0.037673914,0.003666352,-0.012804794,-0.115468045,0.047907622,0.066990629,-0.101659841,-0.04539399,0.041493936,0.057206624,0.073531068,0.050878388,-0.051648232,-0.101933191,0.101127176,0.079630224,-0.206706414,-0.046720644,0.052814653
id371,0.069777606,0.009807141,0.008073489,-0.013036722,-0.08584085,0.070524081,0.044992327,-0.085998703,-0.03407261,0.022258901,-0.000135854,0.052660665,0.065743435,-0.056135853,-0.062022398,0.08117414,0.065599658,-0.169985007,-0.027019156,0.043635712
id373,0.083755447,0.009720421,0.038836048,-0.036577165,-0.083769668,0.058525393,0.037616228,-0.084827241,-0.023003506,0.00093344,0.016721333,0.052454431,0.051958791,-0.061036398,-0.061619499,0.099813294,0.075689906,-0.178525166,-0.027936472,0.031270384
id375,0.133309413,-0.049955614,0.023123119,-0.072075885,-0.034420717,0.004553438,-0.025423021,-0.012115917,-0.003509668,0.001717196,-0.025932639,-0.001480504,0.02714303,-0.059307666,-0.05382807,0.128585928,0.145460306,-0.179960512,-0.011773316,0.0658911
id377,0.038970975,0.016688355,0.017091354,-0.020940276,-0.095322997,0.062131412,0.042687623,-0.100790051,-0.014613228,0.016620088,0.025192108,0.059734253,0.054659383,-0.040941939,-0.073138034,0.066254228,0.080730844,-0.161950847,-0.000201308,0.027138056
id379,0.054602944,-0.001210475,-0.018817861,-0.051385894,-0.092483241,0.048726794,0.029404556,-0.099281604,-0.03508819,0.040024573,0.042863451,0.032747747,0.074364682,-0.016920915,-0.067713429,0.056708058,0.082350421,-0.146379676,0.005280019,0.062208039
id381,0.070377081,0.018773674,0.06012855,0.009832863,-0.124184608,0.107359791,0.111625664,-0.075975475,-0.020653763,-0.046286365,-0.023305923,0.057912512,0.051462166,-0.097627583,-0.042858592,0.131913362,0.076627081,-0.189485576,-0.074368848,-0.001266008
id383,0.057114847,-0.006994783,0.009584608,-0.028281335,-0.06133078,0.047049622,0.013387453,-0.085296682,-0.039725489,0.038113315,0.030142349,0.035820722,0.069300768,-0.034156789,-0.079031255,0.072454842,0.091899446,-0.161407754,-0.01574276,0.047099654
id385,0.0496682,0.025797925,0.030200923,-0.022441618,-0.112654886,0.072519212,0.063087618,-0.116972624,-0.017622003,0.000557753,0.025272838,0.070039804,0.05785935,-0.054217738,-0.070097549,0.08639541,0.072304486,-0.169794883,-0.017338877,0.027436659
id387,0.052036246,0.012369819,0.049913109,-0.009683432,-0.09890303,0.072191655,0.059036155,-0.076682356,-0.01086681,-0.034238116,-0.006515382,0.069023685,0.036469304,-0.047692108,-0.075144611,0.10227145,0.077613464,-0.148380559,-0.019751411,-0.003067074
id389,0.104216381,0.072177816,0.018484851,-0.000667747,-0.186148287,0.161863103,0.136914259,-0.067495627,-0.013772687,-0.101766625,-0.067965053,0.115359571,-0.020668222,-0.171184284,0.09615317,0.159472323,0.118423281,-0.235105568,-0.100993991,-0.017296665
id391,0.067432262,0.018431681,0.029673036,0.002831497,-0.121899555,0.056896607,0.057185959,-0.072238658,-0.033479085,0.007656229,0.012668729,0.068679719,0.049439038,-0.051593273,-0.070730815,0.093638428,0.084296789,-0.187881942,-0.038099149,0.027092502
id393,0.008840818,0.048564378,0.000514987,0.008577783,-0.082483296,0.057174508,0.072754314,-0.121508604,0.012101165,0.016155479,0.021124835,0.088189596,0.052644681,-0.027070398,-0.038588672,0.057378779,0.040833186,-0.184456599,-0.033714605,0.002967664
id395,0.056280568,0.028153046,0.060116279,0.02434684,-0.00937026,0.0484117,0.047333245,-0.113057704,0.047198665,-0.020255666,0.014279897,0.061897418,0.029865406,-0.084653155,-0.102634504,0.048809889,0.016384218,-0.119742017,-0.018651808,-0.014712055
id397,0.056605772,0.013808242,0.020044555,-0.012397088,-0.092877882,0.055982082,0.057120845,-0.07345394,-0.032393693,-0.007101828,0.012085847,0.073284518,0.049721022,-0.05167735,-0.064748756,0.091016328,0.066694115,-0.157815624,-0.028614368,0.024717203
id399,0.05399085,0.003862469,0.012397825,-0.015307511,-0.10296869,0.069852689,0.048480337,-0.069056053,-0.022844395,0.013133189,0.010873517,0.048013851,0.062891152,-0.034544062,-0.067918183,0.064935473,0.0621295,-0.159772468,-0.011875421,0.033725932
id401,0.065667043,0.016430935,0.04983049,-0.006085942,-0.10313199,0.054898528,0.055341354,-0.082899746,-0.030670827,-0.009313949,0.009092644,0.060418387,0.050473611,-0.071977335,-0.05115451,0.113212388,0.100463016,-0.187369897,-0.054568986,0.021344786
id403,0.056257198,0.030036546,0.049974261,0.007524496,-0.119488258,0.08145881,0.086052205,-0.085432981,-0.028513238,-0.018469823,-0.005435323,0.080213731,0.041407866,-0.082046467,-0.068506219,0.106657544,0.084858529,-0.185572618,-0.050490627,0.019514368
id405,0.103704808,-0.031617646,0.005883124,-0.04683748,-0.067616594,0.041537604,0.015125066,-0.036132002,-0.056665721,0.02914375,0.019930622,0.018936594,0.073171604,-0.044945272,-0.071797496,0.099365563,0.105151297,-0.178694692,-0.040442437,0.062799311
id407,0.098835471,-0.013676013,-0.000781234,-0.076790184,-0.087599508,0.021036615,-0.007389992,-0.04960419,-0.05397106,0.046877835,0.043661144,0.023921467,0.077091061,-0.032891352,-0.074551869,0.095705268,0.09285227,-0.164767101,-0.018837695,0.080879068
id409,0.040730036,0.010634518,-0.000431284,-0.029097885,-0.083783195,0.053666621,0.031894089,-0.102895489,-0.020265944,0.025642627,0.046315439,0.03385376,0.06688024,-0.027395118,-0.079585357,0.059817711,0.085250043,-0.147901185,0.005044818,0.031625558
id411,0.173353011,0.041473537,0.010115986,-0.025813956,-0.213190264,0.157632286,0.141975773,-0.02866544,-0.084838296,-0.114129088,-0.091549975,0.146563772,-0.082785656,-0.237149486,0.231226702,0.249175954,0.213485992,-0.310526314,-0.194367728,0.01801319
id413,0.086820793,0.013670468,0.010474735,-0.032867875,-0.087713387,0.066762923,0.047153033,-0.065308815,-0.036160701,0.009419005,0.013776148,0.043176343,0.055288516,-0.060028548,-0.056643385,0.07238932,0.063812944,-0.168598121,-0.026591318,0.051167923
id415,0.065659068,-0.002497415,0.03458879,-0.016433555,-0.099056172,0.051762315,0.056658558,-0.084814794,-0.026024173,0.00101809,0.014091633,0.048456889,0.051185481,-0.041702003,-0.073181477,0.10984349,0.071694262,-0.170237932,-0.01875335,0.027742296
id417,0.076936276,0.001803445,-0.001809623,-0.047080143,-0.078666628,0.0551584,0.019269448,-0.077679859,-0.036317967,0.026964312,0.030180261,0.03618962,0.062070103,-0.050842869,-0.072227015,0.084690056,0.098984201,-0.162666421,-0.01216712,0.047211524
id419,0.088749765,0.00745848,0.018304854,-0.058141956,-0.099647294,0.05455668,0.02639933,-0.043444068,-0.042316667,-0.011140442,0.006095583,0.049402656,0.057709437,-0.04074337,-0.062087131,0.103198377,0.083070971,-0.14869489,-0.019976697,0.031246381
id421,0.064092836,0.057768226,0.062268587,0.014624943,-0.135262733,0.109294856,0.106453947,-0.079479249,-0.02423935,-0.058089212,-0.040475576,0.096370974,0.026509207,-0.111311369,-0.028320748,0.139805318,0.081769604,-0.202463966,-0.071436975,-0.007879321
id423,0.040947719,0.021541046,0.039616157,-0.007159718,-0.108419514,0.073318771,0.06370981,-0.107739088,-0.012515379,-0.002391401,0.014621195,0.062203612,0.062776669,-0.056654173,-0.075109471,0.088455444,0.067391816,-0.167436126,-0.017560329,0.020402961
id425,0.051461108,0.020569744,0.041931319,0.000361712,-0.10584032,0.07380662,0.067462865,-0.072423407,-0.028832441,-0.012371223,0.013266532,0.066626829,0.058877832,-0.076682408,-0.038618653,0.089173561,0.059218827,-0.177536614,-0.049926756,0.019474874
id427,0.056689285,0.028476256,0.011016025,-0.043630671,-0.091650772,0.061514603,0.049805917,-0.115525967,-0.020048724,0.009716647,0.032953717,0.058612375,0.046521814,-0.047228322,-0.058450082,0.077237463,0.076790236,-0.152555172,-0.01343404,0.033189413
id429,0.051716676,0.017292873,0.031644358,-0.011656125,-0.112263556,0.072780339,0.071091352,-0.110337401,-0.027139624,0.007621194,0.022527028,0.064959248,0.061746624,-0.051781702,-0.083064861,0.091484518,0.070882076,-0.178363319,-0.025923905,0.036784207
id431,0.02441129,0.019710874,0.022830671,-0.020110813,-0.109819488,0.072098679,0.05999675,-0.108772902,0.001819539,0.011080049,0.007921643,0.066282868,0.065265263,-0.02730958,-0.071117374,0.054727898,0.063384434,-0.161075772,0.004000974,0.024675
id433,0.041638116,0.010421856,0.048219102,-0.001720358,-0.110303952,0.049974342,0.048926933,-0.065481629,0.016748204,-0.001869404,-0.026849101,0.051790736,0.040541334,-0.034337177,-0.073447005,0.067222197,0.070985367,-0.165099344,0.011012479,0.021627305
id435,0.090375339,-0.023029351,-0.002968245,-0.066924107,-0.052991204,0.031371743,0.001384238,-0.069920118,-0.026674849,0.029954131,0.037447189,-0.003115547,0.068994168,-0.037305712,-0.070107085,0.079809063,0.110761956,-0.150882868,-0.006507669,0.060328928
id437,0.034796536,0.041154746,0.049090015,-0.006714814,-0.128066067,0.086045716,0.08926853,-0.10812629,-0.017742008,-0.014611341,0.003782283,0.099402769,0.050877546,-0.063537236,-0.078844759,0.08795169,0.059110705,-0.175984052,-0.025821792,0.017967823
id439,0.057045309,0.002184279,-0.003532743,-0.069705744,-0.071636485,0.050413642,0.000558012,-0.103408637,-0.053253953,0.053212257,0.070101406,0.019013765,0.09736375,-0.034489645,-0.084217826,0.071921391,0.106434496,-0.159867642,-0.014882129,0.066746497
id441,0.057966769,0.05174159,0.034714763,0.019349028,-0.135648446,0.112125402,0.10758682,-0.101385502,-0.023616876,-0.024710369,-0.006425991,0.10494798,0.028777552,-0.09912222,-0.068011778,0.100644272,0.072776377,-0.187041156,-0.054047955,0.009379738
id443,0.11627909,0.118107764,-0.009385916,0.024952404,-0.187415888,0.161263036,0.130338039,-0.09352126,-0.002659327,-0.025705952,0.025988632,0.117968298,0.023280177,-0.120473187,-0.087037789,0.033871647,0.051660148,-0.1862814,-0.084566449,-0.006662068
id445,0.056197404,0.006926503,0.032616386,-0.0140093,-0.087928853,0.058124271,0.048662915,-0.089236798,-0.022645545,0.003806455,-0.010045542,0.059439506,0.048539252,-0.050713984,-0.077562615,0.095108507,0.105673167,-0.177620636,-0.018859685,0.033528592
id447,0.046471259,-0.004574963,0.021105801,-0.021458675,-0.09452622,0.052086042,0.041649302,-0.091193405,-0.010729168,0.026719302,-0.006153033,0.036594493,0.051327358,-0.024130169,-0.066347944,0.082128771,0.072588294,-0.156120749,0.004411274,0.040152431
id449,0.061685057,0.022678784,0.011941443,-0.02178468,-0.099936466,0.064897173,0.05142558,-0.088722017,-0.029203544,0.031888593,0.005416162,0.055997835,0.059016693,-0.049141395,-0.067918212,0.078545694,0.06947135,-0.177914051,-0.026126854,0.047782855
id451,0.054275487,0.012260913,0.008622315,-0.026854447,-0.095009427,0.069762181,0.051645354,-0.08435656,-0.042239826,0.009821096,0.015430328,0.058838939,0.062880751,-0.0450366,-0.072601588,0.083089233,0.097772992,-0.166286539,-0.026983049,0.034968446
id453,0.048425895,0.027112544,0.084006482,0.028450564,-0.013932744,0.044426422,0.049774472,-0.107953813,0.053500733,0.008110922,0.014120476,0.063195833,0.011661892,-0.076958076,-0.11082316,0.05227713,0.025019859,-0.181366554,-0.005559436,-0.013489442
id455,0.066991973,0.011800281,0.065926993,0.017529194,-0.08767829,0.063520098,0.060307552,-0.076358731,-0.000521819,0.008642469,0.030588607,0.064115275,0.023318392,-0.078106034,-0.105210622,0.08496927,0.05393121,-0.190853023,-0.028069712,0.015156916
id457,0.058804899,0.033683027,0.044465113,-0.002322087,-0.107462413,0.075896973,0.073907908,-0.081300576,-0.012150625,-0.013931026,-0.009760858,0.075260779,0.042729805,-0.079029016,-0.068240409,0.100106089,0.073093845,-0.188844715,-0.038671661,0.023764947
id459,0.0553348,0.035444919,0.031582304,-0.014718995,-0.116390299,0.081006302,0.077553825,-0.101450829,-0.021698506,-0.008995183,0.011990081,0.077360453,0.058212104,-0.072268711,-0.06554336,0.096439344,0.069067221,-0.179713538,-0.036381807,0.023169874
id461,0.063904454,-0.003202154,0.038051327,-0.010593194,-0.093391665,0.079120584,0.056403159,-0.080983349,-0.02504316,0.001760939,-0.017352066,0.046366539,0.047359778,-0.039808873,-0.087426835,0.092645479,0.092637295,-0.171414189,-0.022921831,0.033887763
id463,0.116771743,0.026775452,0.011702375,-0.047432981,-0.105354437,0.051686554,0.037345355,-0.039422146,-0.010906795,-0.031068408,-0.039382682,0.014139761,0.016085837,-0.063736638,-0.031977469,0.112404435,0.107110163,-0.144482792,-0.013595695,0.033338365
id465,0.052150518,0.021628054,0.028105327,-0.008904426,-0.112555701,0.073517027,0.068643676,-0.09075705,-0.032190154,0.005577588,0.014940431,0.077516356,0.053814657,-0.062437876,-0.072099365,0.091091019,0.077024664,-0.176104752,-0.040812342,0.031852348
id467,0.043249983,0.016786651,0.04871327,0.013509857,0.030646297,0.053855607,0.04761595,-0.111792425,0.072492926,-0.014553773,-0.00633094,0.059324484,0.035172635,-0.084706825,-0.09260624,0.032702416,0.006244596,-0.110421044,-0.002409973,-0.037493451
id469,0.022265168,0.009488514,0.048631513,-0.014759289,-0.105856781,0.055233658,0.050001441,-0.097066374,-0.018296036,0.020033964,0.009126643,0.05750986,0.056953358,-0.029642049,-0.074575988,0.064736394,0.081993914,-0.165460753,-0.000752978,0.03043582
id471,0.053528042,0.041814077,0.032255217,-0.009719317,-0.116181132,0.100303804,0.084146003,-0.101520161,-0.016116487,-0.027973333,-0.002188701,0.086862573,0.052631416,-0.080554416,-0.056730828,0.095014664,0.069012557,-0.178260167,-0.037283026,0.010959215
id473,0.066608958,0.020090651,0.014939891,-0.029784135,-0.098165125,0.056510287,0.05847436,-0.104131639,-0.028798154,0.031504673,0.040128704,0.049749364,0.070615465,-0.062345711,-0.064048708,0.07259309,0.064745511,-0.180346945,-0.036332674,0.057992139
id475,0.077333661,0.017493012,0.052413852,-0.006988645,-0.14565026,0.107788481,0.109884049,-0.098986176,-0.033314237,-0.024329654,-0.026648736,0.09898819,0.022839962,-0.120154339,-0.008056075,0.1209381,0.126024506,-0.209260829,-0.078405242,0.018090379
id477,0.05578551,0.03343455,0.034085705,-0.031643312,-0.101130769,0.064622922,0.047795999,-0.106174637,-0.031187564,0.003543122,0.0344459,0.074639757,0.070524844,-0.063543541,-0.074559978,0.098535006,0.085565729,-0.181833584,-0.038642447,0.025736785
id479,0.111512737,0.014240467,-0.024737124,-0.014577545,-0.083976284,0.065730578,0.08119815,-0.091250447,-0.063042446,0.027762925,0.036404382,0.040011624,0.072623718,-0.070379129,-0.071891016,0.0752903,0.06433325,-0.17703179,-0.05722702,0.06500467
id481,0.040094664,0.007943031,0.079455461,-0.017202698,-0.025355476,0.053345955,0.045031602,-0.076848771,0.006371637,-0.006757076,0.09993976,0.031666823,0.003908875,-0.051902132,-0.080261377,0.125858354,0.059657724,-0.20097652,-0.10062495,0.006655115
id483,0.13435058,0.079588616,0.021134431,-0.006351175,-0.122306485,0.108941911,0.106822511,-0.05727668,-0.048285497,-0.056661374,-0.044671807,0.106027459,0.018070021,-0.142054239,-0.027418544,0.132207718,0.085686396,-0.205699745,-0.096947908,0.014843809
id485,0.047749659,-0.000621627,0.030861625,-0.002610538,-0.148825587,0.04585456,0.013914357,-0.07633734,-0.016726631,0.016768962,0.020589324,0.021710839,0.043633769,-0.014105458,-0.063429945,0.079274992,0.071148973,-0.128202097,0.031140662,0.028211502
id487,0.05283147,0.028426702,0.043088102,0.005724207,-0.112154588,0.073695435,0.078668681,-0.090543965,-0.018833203,-0.011574547,-0.003540729,0.079222,0.039342762,-0.073086443,-0.056914808,0.090465645,0.067689966,-0.182997312,-0.033489342,0.023979967
id489,0.075266259,-0.007802524,0.009744594,-0.037317599,-0.076760572,0.051715808,0.025730687,-0.066416364,-0.038450348,0.015144513,0.022997073,0.042365518,0.061953102,-0.050972258,-0.075765806,0.095736992,0.100593709,-0.163882854,-0.019729586,0.035849657
id491,0.047067115,0.031664791,0.041064431,-0.01112302,-0.116601694,0.088383444,0.081574182,-0.100991151,-0.026699947,-0.001055391,0.018978091,0.071564586,0.066548341,-0.074711534,-0.077190101,0.095820334,0.06886117,-0.185059835,-0.046264516,0.028170703
id493,0.073492523,0.013847411,0.033665691,-0.001084201,-0.108974212,0.062904644,0.070633397,-0.051361051,-0.030098253,-0.016934171,-0.016601318,0.046472874,0.03523969,-0.067272687,-0.050301,0.101749244,0.083014488,-0.174523496,-0.037831823,0.033962252
id495,0.058412853,0.008761523,0.013864951,-0.02991665,-0.085432242,0.056949648,0.020840284,-0.084617785,-0.021819369,0.009016565,0.017992468,0.032034116,0.058891492,-0.042791322,-0.082632582,0.089363556,0.110064922,-0.162143571,-0.006039823,0.039200967
id497,0.068724733,0.01953897,0.045940568,-0.029353804,-0.088470226,0.06243241,0.043166138,-0.067170116,-0.012072419,-0.014085329,0.00614544,0.057378797,0.048810442,-0.057753199,-0.081941216,0.099358228,0.065194725,-0.15791304,-0.022790495,0.014859393
id499,0.077066447,-0.056375706,-0.035987621,-0.129056155,-0.0498156,-0.013617847,-0.051755759,-0.024173223,-0.058015463,0.084110107,0.087801513,-0.037056173,0.119654184,0.01620786,-0.075178625,0.046612377,0.081645634,-0.093157151,0.02035898,0.090732218
id501,0.040971858,0.016463932,0.031592783,-0.008243663,-0.115451324,0.077747709,0.067062122,-0.099559126,-0.01747412,-0.004423685,-0.012996032,0.06534275,0.054147188,-0.037810733,-0.091090281,0.081737275,0.086569624,-0.158724677,0.003264041,0.02087436
id503,0.083418581,0.007051046,0.016777448,-0.027292676,-0.101435014,0.058565978,0.043987856,-0.045539098,-0.010753304,-0.005593119,0.005060675,0.038751984,0.049637541,-0.056617805,-0.041476917,0.073536373,0.064366495,-0.161146762,-0.026245485,0.034946203
id505,0.028201406,0.032838212,0.039481338,-0.003538724,-0.132572229,0.077915133,0.0856642,-0.103317619,0.003922657,-0.014397809,0.001426747,0.080558087,0.051858484,-0.054573014,-0.063593435,0.072513686,0.048412071,-0.15838533,-0.009461015,0.017047154
id507,0.074413347,0.026748936,0.032011713,-0.011251415,-0.104794268,0.07756211,0.07703693,-0.096400589,-0.036891767,-0.005733133,0.012243322,0.080365759,0.061328431,-0.078870853,-0.070563113,0.105385611,0.071934089,-0.192946866,-0.052938205,0.031359958
id509,0.05682997,-0.007350739,0.018384152,-0.035534232,-0.091278432,0.040837916,0.029261185,-0.068244001,-0.030026583,0.023767093,0.011618592,0.043099066,0.06487976,-0.03173472,-0.070480653,0.075505516,0.093220943,-0.163024491,-0.008945737,0.049215395
id511,0.095936234,0.024933174,0.031156477,-0.014524166,-0.070420443,0.073017362,0.051259455,-0.038474768,-0.041506076,-0.038859083,-0.029390644,0.057536557,0.030342544,-0.090520378,-0.060987614,0.122203429,0.097728794,-0.170290193,-0.049018087,0.019877428
id513,0.056043164,0.018020877,0.037619912,-0.019641682,-0.103491677,0.067047625,0.054785552,-0.107420332,-0.020399369,0.0064151,0.014094767,0.062069049,0.063675367,-0.054002167,-0.090140713,0.115824377,0.081803294,-0.185421974,-0.027756361,0.030875192
id515,0.055238299,0.043538695,0.03658479,-0.018051035,-0.122265112,0.098959904,0.08274853,-0.102807971,-0.004042284,-0.023013892,-0.000478306,0.087845038,0.045103975,-0.067588748,-0.086389571,0.092031623,0.060581629,-0.167561939,-0.020597401,0.010163776
id517,0.059228972,0.006640151,0.038091751,-0.025880115,-0.003796726,0.036164317,0.035270757,-0.018737672,-0.004243385,-0.043064183,0.08486979,0.048865637,0.01757063,-0.058603967,-0.084974304,0.122004488,0.051549711,-0.17099664,-0.088170826,-0.001788386
id519,0.04164232,0.030088813,0.034156126,-0.012192056,-0.112902096,0.07738206,0.073094253,-0.097087528,-0.018779455,0.008064359,0.025359546,0.080385422,0.05368041,-0.05351949,-0.08106953,0.082207545,0.050463504,-0.191827467,-0.018583596,0.02943686
id521,0.064375732,-0.001349095,0.03480793,-0.032195689,-0.086143446,0.044296758,0.035162142,-0.081704871,-0.01882991,-0.002495613,-0.005029884,0.048143941,0.027802225,-0.033531054,-0.063214229,0.100807713,0.089900207,-0.142469464,-0.005760929,0.027427537
id523,0.083637139,0.02834056,0.022961168,0.006964911,-0.103533643,0.084090958,0.094038709,-0.078212841,-0.01955317,-0.031749308,-0.01595888,0.065924705,0.043009338,-0.078952105,-0.054139424,0.103333207,0.063393931,-0.17678156,-0.046243034,0.009429339
id525,0.130212298,0.004867803,0.016403955,-0.00457638,-0.133289569,0.025481425,0.043412945,-0.022497047,-0.028502595,0.03389356,0.034525996,0.065860043,0.012794007,-0.037588637,-0.085577191,0.060954633,0.049901479,-0.204867608,-0.020974973,0.059565853
