#name,A,R,N,D,C,E,Q,G,H,I,L,K,M,F,P,S,T,W,Y,V
trainT3.txt_Q156B7,-0.00143194,0.031275228,0.092641513,-0.011016533,-0.029417073,0.06740906,0.051266272,-0.081866186,0.024814629,-0.026300055,0.069032699,0.027071861,-0.025175887,-0.052378326,-0.014615496,0.148330666,0.056170244,-0.186971747,-0.092433071,-0.046405856
trainT3.txt_O84378,0.08814675,-0.00056915,0.009517801,-0.030417449,-0.105650848,0.026377536,0.096463191,-0.019793444,-0.023056178,0.003453551,-0.012440554,0.062777248,0.025344068,-0.057291046,-0.048054172,0.10283632,0.065313842,-0.165530484,-0.025005852,0.007578871
trainT3.txt_Q9Z8G9,0.105237608,0.025823575,0.028347563,-0.009253523,-0.111602022,0.034509647,0.042534355,-0.043874137,-0.015052619,0.01376712,-0.000279306,0.066026126,-0.005758773,-0.056518807,-0.062082292,0.069850754,0.06879632,-0.166767988,-0.020065072,0.036361472
trainT3.txt_C0SPQ2,0.123608344,0.030831999,0.012603481,-0.037196006,-0.085462551,0.062824008,0.035952677,-0.036681937,-0.035959942,-0.028902701,-0.005394873,0.046459408,0.045962388,-0.093796626,0.003561866,0.125944079,0.078892101,-0.191676229,-0.064243759,0.012674272
trainT3.txt_K2SG17,0.141116438,0.011768118,0.010663855,-0.045382892,-0.063213319,0.049779996,0.031197496,-0.04647861,-0.04520965,-0.019736018,0.000623143,0.042775121,0.043828399,-0.082652903,-0.047586526,0.140986216,0.101798129,-0.194704411,-0.057293784,0.027721201
trainT3.txt_D4SSF7,0.135557802,0.026962459,-0.013817182,-0.037662314,-0.082280214,0.059550656,0.036508271,-0.054457187,-0.046957856,0.000879508,0.017943855,0.039684429,0.055687517,-0.094931901,-0.012209355,0.088321197,0.084049182,-0.192191053,-0.060591732,0.049953919
trainT3.txt_O84144,0.067142292,0.006003109,0.050312747,-0.006904538,-0.090507602,0.042605601,0.038763302,-0.0326001,-0.035146355,-0.008395913,-0.012205436,0.04490415,0.033560494,-0.062435294,-0.066798592,0.111477635,0.089239843,-0.164589543,-0.031997457,0.027571658
trainT3.txt_Q89TX4,0.097097802,0.001435473,0.043804335,0.010344175,-0.089618411,0.047823249,0.041370961,-0.012168973,-0.045341871,-0.018533962,-0.034124085,0.03151698,0.027346931,-0.098213218,-0.01886519,0.109211827,0.111578829,-0.18417862,-0.066590138,0.046103907
trainT3.txt_B5R8S6,0.093030475,0.005487948,0.043508677,-0.031431244,-0.104897153,0.070105148,0.040826753,-0.067476622,-0.015065156,-0.019972171,-0.030115766,0.071126372,0.031015638,-0.083468536,-0.043490932,0.12422516,0.121790696,-0.190918782,-0.038157839,0.023877336
trainT3.txt_O84718,0.078080226,0.017433658,0.019852905,-0.032787602,-0.103502379,0.085410033,0.057517434,-0.084882608,-0.030776465,-0.008116198,0.018852666,0.047546138,0.064847597,-0.064811106,-0.071465036,0.095957506,0.077187017,-0.167981269,-0.028583907,0.03022139
trainT3.txt_Q9Z780,0.116443807,0.071436251,0.004131691,0.027250835,-0.162454,0.147682001,0.140422868,-0.082371446,-0.045977308,0.008511634,0.003445336,0.088729973,0.006324527,-0.119164731,-0.079630827,0.101305297,0.064847215,-0.225285566,-0.080161889,0.014514334
trainT3.txt_Q2QHF9,0.124070166,0.04272096,-0.030096501,-0.138520022,-0.068786977,0.012868867,-0.045861291,-0.10895653,-0.051344697,0.061840729,0.04279311,0.030329185,0.133070887,0.022591089,-0.103004149,0.048276515,0.092215909,-0.139656385,-0.011301407,0.086750541
trainT3.txt_Q52473,0.173204676,0.002492498,0.072950236,-0.012753834,-0.106814862,0.057567585,0.031006142,0.021634933,-0.088938245,-0.02084422,-0.017943531,0.086630655,0.040794289,-0.152551622,-0.087614961,0.183789667,0.152710863,-0.232767179,-0.122048104,0.019495013
trainT3.txt_H6UWS2,0.109144663,0.079877407,0.036300497,-0.018316035,-0.122087733,0.112510208,0.083405331,-0.072927283,-0.028921683,-0.068394954,-0.038146243,0.084182471,0.01775248,-0.138851646,0.004955913,0.140917771,0.103816041,-0.202774628,-0.082265847,-0.000176731
trainT3.txt_WP_030419593.1,0.116484597,0.051110721,-0.021424785,-0.026415254,-0.149548735,0.098089845,0.094154986,-0.056975682,-0.047317468,0.030655377,0.081771093,0.042756873,0.042591184,-0.091188444,-0.08781494,0.080470776,0.070067411,-0.20620987,-0.089660976,0.06840329
trainT3.txt_Q8ZNP4,0.053568931,0.008855096,0.04570077,-0.0172256,-0.096281267,0.044886904,0.034615758,-0.06622514,-0.007452997,0.005974428,0.014838002,0.045106775,0.050663623,-0.047093529,-0.065744969,0.092061904,0.060676,-0.163567692,-0.016011154,0.022654156
trainT3.txt_Q663L9,-0.06724355,0.020924933,0.087107004,-0.015668065,0.022809922,0.049453269,0.048700592,-0.10133853,0.083163362,-0.037837663,0.049640223,0.017990106,0.003212429,0.00697006,-0.079736198,0.091621272,0.020687999,-0.097728655,-0.045577635,-0.057150875
trainT3.txt_D2TRA0,0.084407108,0.017932948,0.034080518,0.012628003,-0.100496926,0.070652942,0.063383663,-0.052141373,-0.047197496,-0.027593428,-0.004300128,0.063491888,0.037808058,-0.09557412,-0.036110648,0.106201538,0.104887513,-0.181854432,-0.069622122,0.019416494
trainT3.txt_D0ZXR5,0.099898393,-0.009985652,0.001979134,-0.032260986,-0.080127375,0.044928556,0.035272027,-0.055983384,-0.00815974,0.003997548,-0.005949098,0.024067636,0.042684689,-0.044435189,-0.064764321,0.077145867,0.082755536,-0.156429199,0.011626205,0.033739353
trainT3.txt_O84290,0.104325684,0.015560162,0.007829284,-0.037758251,-0.133578217,0.069073314,0.050649911,-0.073327184,-0.037910405,0.016365268,0.048489638,0.062271037,0.055009391,-0.072070879,-0.075374886,0.105045347,0.095250154,-0.183904433,-0.046031047,0.030086111
trainT3.txt_P33548,0.056792623,0.018570695,0.055443738,-0.014045647,-0.101642685,0.070539926,0.042822832,-0.0882701,-0.029700545,0.01650173,-0.012650628,0.074426751,0.061522315,-0.070616747,-0.080731372,0.097393755,0.091259785,-0.1962705,-0.039599413,0.048253486
trainT3.txt_Q9Z8L3,0.049822341,-0.015966802,0.012801643,-0.038564744,-0.092060341,0.054383153,0.026078285,-0.068128038,-0.031258124,0.032469192,0.04092118,0.014136296,0.076469985,-0.032344056,-0.080406925,0.072508064,0.092173867,-0.159505859,-0.006286223,0.052757105
trainT3.txt_O84226,0.10494244,0.037656352,-0.002910828,-0.042832665,-0.099621853,0.092725696,0.097622281,-0.070951553,-0.046119903,0.007149164,0.034202368,0.093625568,0.018136551,-0.087320801,-0.098732938,0.109077307,0.083282989,-0.201164128,-0.06433018,0.035564133
trainT3.txt_F3IJ53,0.110949125,0.057174603,0.025212234,-0.010315648,-0.139114671,0.098256646,0.068556751,-0.023447786,-0.004473267,-0.054943484,-0.041814504,0.082073023,0.03446895,-0.107941005,-0.051499147,0.115359079,0.085781756,-0.191337806,-0.057073543,0.004128694
trainT3.txt_EKJ11176.1,0.050992971,0.033228059,0.03386839,-0.007904497,-0.108198763,0.051317184,0.083697882,-0.1489893,-0.031589762,0.063414654,0.047690448,0.084203087,0.077723918,-0.072506716,-0.088291703,0.059548613,0.057067452,-0.21521054,-0.053742186,0.083680808
trainT3.txt_A2S1Q7,0.131114512,0.047616295,0.045987709,-0.027799881,-0.122224007,0.082603041,0.057608527,-0.037047487,-0.018587712,-0.035301883,-0.035928289,0.071787579,0.018081568,-0.10690327,-0.038132779,0.114592422,0.098262179,-0.194158554,-0.061173946,0.009603977
trainT3.txt_Q52430,0.122875361,0.028170611,0.041983799,0.006821136,-0.113231187,0.080290418,0.049927952,-0.036332503,-0.016596798,-0.049173002,-0.037171826,0.055182747,0.002689457,-0.102729964,-0.044092796,0.150193407,0.111430252,-0.201540738,-0.06694523,0.018248905
trainT3.txt_Q4ZX82,0.155622249,-0.001763285,0.010701896,-0.030779171,-0.109034566,0.074504013,0.043205101,-0.017662931,-0.033983669,-0.019974094,-0.018491852,0.04035653,0.038610709,-0.108442995,-0.038785316,0.131253412,0.115994927,-0.207729634,-0.074415896,0.050814572
trainT3.txt_Q63K40,0.158729308,0.044187804,0.027898879,-0.040057926,-0.136448434,0.041886659,0.007577059,-0.025230255,-0.039328368,0.000592644,-0.012931265,0.065386748,0.03689109,-0.074968055,-0.086784477,0.108423405,0.088862203,-0.152482207,-0.022971908,0.010767095
trainT3.txt_A1KWP8,0.111005501,-0.011944217,0.022732795,-0.017646025,-0.076284662,0.041829997,0.035854822,-0.035497083,-0.039444638,-0.001580464,-0.005693019,0.021022119,0.036299573,-0.079900143,-0.026944482,0.108223278,0.101724306,-0.174742584,-0.054963547,0.045948474
trainT3.txt_O84723,0.063448353,-0.004272783,-0.045849591,-0.059012954,-0.058638069,0.06074036,0.034011331,-0.12306373,-0.031187869,0.049897409,0.08562011,0.025337566,0.082556219,-0.051988786,-0.044871211,0.055958222,0.082531425,-0.165271351,-0.014627159,0.058682509
trainT3.txt_Q4G4D0,0.149022564,0.016059463,0.004499796,-0.032382692,-0.10277748,0.077331813,0.05202164,-0.02226848,-0.061749399,0.002964083,0.000176437,0.063477175,0.059793642,-0.120172039,-0.066400981,0.125415517,0.095967308,-0.203265219,-0.095596413,0.057883263
trainT3.txt_B7UMC8,0.076427809,-0.005271487,0.037679451,-0.017171257,-0.090720126,0.048767533,0.043817628,-0.085830634,-0.035400278,0.010931949,0.011237147,0.035345015,0.044345203,-0.065465139,-0.057497956,0.128687902,0.108091232,-0.178528751,-0.046901831,0.03745659
trainT3.txt_WP_009873285.1,0.031287288,0.047608751,-0.001161231,-0.002133342,-0.074514723,0.070295269,0.066500871,-0.101424349,-0.000549637,0.000847184,0.016890821,0.0850828,0.049627665,-0.044270366,-0.055088633,0.071840283,0.040862899,-0.157926717,-0.048819543,0.00504471
trainT3.txt_Q9Z8Z8,0.115498368,0.094156953,0.044492394,0.016131859,-0.172568679,0.219277047,0.233954798,-0.145188502,-0.027539029,-0.02170396,0.071773211,0.185256317,0.046830092,-0.189925923,-0.195815098,0.104233273,0.068890531,-0.295818456,-0.147184192,-0.004751005
trainT3.txt_Q84CS5,0.225634431,0.04805155,-0.01610865,-0.048068597,-0.067444003,0.083712934,0.049367886,0.008069807,-0.073418859,-0.04657834,-0.028869532,0.044632605,0.035078022,-0.137975309,-0.03897181,0.150352976,0.077391619,-0.190291603,-0.110780379,0.03621525
trainT3.txt_Q01099,0.120060352,-0.026743589,0.084864678,-0.000645583,-0.122210487,0.074455016,0.023254711,0.109770421,-0.051884487,-0.065043819,-0.023975675,0.039676192,0.056483651,-0.109099412,-0.057035295,0.153424389,0.100383792,-0.188305951,-0.100064915,-0.01736399
trainT3.txt_Q7NUX3,0.074506102,0.00239998,-0.029032599,-0.053633532,-0.081073335,0.074194936,0.033700917,-0.09557804,-0.035646481,0.050387399,0.052024794,0.021435151,0.085499378,-0.053967847,-0.070825275,0.04938492,0.076184353,-0.156268026,-0.018361995,0.074669201
trainT3.txt_Q9FCY7,0.085143454,0.030845183,0.05262727,-0.008473048,-0.102689467,0.077639518,0.058072591,-0.047140862,-0.020916026,-0.032761446,-0.011525557,0.058974294,0.041207043,-0.093338907,-0.047987952,0.119343606,0.085800998,-0.189581874,-0.061964281,0.006725462
trainT3.txt_O84625,0.078476585,-0.00368533,0.034949097,-0.017167578,-0.093547652,0.06863272,0.045917835,-0.080744223,-0.046472346,0.005855289,0.017174757,0.036661929,0.060754046,-0.062537178,-0.072575734,0.112428479,0.096588783,-0.179538464,-0.041412015,0.040240997
trainT3.txt_Q9I788,0.136465478,0.025889439,0.009773664,-0.014594842,-0.126175516,0.11541452,0.068500088,3.52E-05,-0.034771557,-0.039884582,-0.017722519,0.060174649,0.032793765,-0.115923702,-0.050051054,0.11664823,0.097391872,-0.197547399,-0.081181146,0.01476542
trainT3.txt_D4HWL8,0.107859722,0.012719422,0.031349151,-0.033827298,-0.093297196,0.07054689,0.038719599,-0.041371953,-0.01955876,-0.021376882,-0.010774308,0.047910543,0.041536248,-0.090529085,-0.057836787,0.125416597,0.106418061,-0.186088368,-0.052285121,0.024469527
trainT3.txt_CAA12191.1,0.154040011,-0.033336258,-0.017070272,-0.048490665,-0.029760349,0.030902366,0.006988684,-0.052464363,-0.073410116,0.039022681,0.038218428,0.000214351,0.067796102,-0.079302124,-0.026038499,0.122619141,0.089695576,-0.201443247,-0.065679392,0.077497946
trainT3.txt_B0B9M4,0.123101853,-0.043631981,-0.035721815,-0.092633254,0.020155283,0.010249911,-0.021650259,-0.040130853,-0.088546621,0.074555996,0.063801704,-0.001345648,0.07925292,-0.070522536,-0.062037692,0.087411512,0.11541623,-0.173339732,-0.048831096,0.104446077
trainT3.txt_C5IZN1,0.137366389,0.040602032,0.020391231,-0.013071433,-0.1144192,0.078784138,0.070874244,-0.062008984,-0.065222317,-0.043322906,-0.020864515,0.097765256,0.02426358,-0.126345078,-0.003773969,0.168172836,0.104003243,-0.214294335,-0.095592476,0.016692262
trainT3.txt_A9MG90,0.069881909,0.023817342,0.008941353,-0.0268275,-0.092165402,0.066251916,0.051333468,-0.08731919,-0.020840844,0.000971074,0.006030383,0.050380296,0.053260311,-0.062364606,-0.049195822,0.081505049,0.097272202,-0.16585594,-0.030926286,0.025850287
trainT3.txt_A4PDT6,0.109183408,0.026140866,0.036380849,-0.030118676,-0.127324723,0.109179345,0.073105185,-0.06549979,0.013419098,-0.050206412,-0.043053107,0.050449862,0.031549661,-0.142490262,0.074601443,0.112265337,0.098363054,-0.189294455,-0.088181249,0.001530568
trainT3.txt_F2ZE69,0.120339394,0.037227665,0.063729995,0.00894823,-0.101120727,0.087771179,0.062633415,-0.036055063,-0.028345061,-0.059534004,-0.04719257,0.06840253,0.029090419,-0.131565292,-0.025198991,0.15664873,0.098745154,-0.205105447,-0.094634385,-0.004785171
trainT3.txt_Q46210,0.127588347,0.103136039,0.048795114,0.011621708,-0.187771786,0.218777682,0.216468012,-0.146844794,-0.030043544,-0.010748535,0.073002518,0.16342274,0.037480771,-0.178503785,-0.187079215,0.114976038,0.07558725,-0.3034502,-0.143773828,-0.002640532
trainT3.txt_Q57KZ6,0.09551492,0.013291437,0.120269618,0.026016339,-0.079384609,0.033350838,0.028163216,0.014598828,-0.066403336,-0.019289276,-0.00502263,0.031835171,0.01130222,-0.046903646,-0.128213994,0.123050139,0.118813177,-0.212240761,-0.067122569,0.008374917
trainT3.txt_G9L9K6,0.08757409,0.035602817,0.027638212,-0.008235547,-0.104920106,0.085756566,0.057339099,-0.056130146,-0.02199687,-0.036898486,-0.014772816,0.060321617,0.035405304,-0.088175911,-0.030617906,0.112450616,0.076574253,-0.178515717,-0.046314502,0.007915433
trainT3.txt_C0SPQ0,0.147063083,0.022055994,0.009652222,-0.040895096,-0.097752217,0.059638551,0.035374754,-0.019499067,-0.027248439,-0.037464867,-0.011312478,0.045812586,0.041181186,-0.080754511,-0.050316262,0.140691279,0.08568877,-0.181864631,-0.057771918,0.01772106
trainT3.txt_O84700,0.0831999,0.019188859,0.059027426,0.000465916,-0.089017511,0.071496433,0.048031663,-0.029585792,-0.033498005,-0.029827681,-0.019876332,0.038616439,0.035331875,-0.097159807,-0.051945527,0.12311048,0.104317173,-0.18600324,-0.064496934,0.018624666
trainT3.txt_Q4ZX47,0.105334399,0.05965208,0.062477661,-0.013091809,-0.141113497,0.07484019,0.051957416,-0.02626788,-0.005292275,-0.038998499,-0.021510067,0.080017474,0.027319314,-0.097417304,-0.056024748,0.120161178,0.074090933,-0.198224816,-0.058689932,0.00078018
trainT3.txt_D4SZP4,0.123866078,0.042773857,0.017402916,-0.028198545,-0.073307749,0.062243013,0.040026667,-0.030401842,-0.029720461,-0.033819424,-0.018694424,0.045203241,0.030439504,-0.104041452,-0.019476143,0.114421647,0.09203366,-0.180366939,-0.063461907,0.013078303
trainT3.txt_Q9Z7E2,0.051231941,0.012576159,0.031847308,-0.023376998,-0.093582513,0.055515313,0.046269866,-0.050108729,-0.006218598,-0.018201164,-0.004674795,0.056639877,0.034631822,-0.048588942,-0.068967836,0.079527373,0.062043792,-0.134415499,0.001598092,0.01625353
trainT3.txt_Q4ZYH0,0.102235007,0.040203349,0.073160743,0.009840827,-0.099745323,0.067199501,0.055263411,-0.013486431,-0.023998823,-0.068994836,-0.057653983,0.057512088,0.015513152,-0.102837966,-0.048135237,0.163864776,0.102308106,-0.183978317,-0.073843763,-0.01442628
trainT3.txt_Q58I88,0.122702228,0.016894398,0.06191818,-0.001909432,-0.098997786,0.067589503,0.056644186,-0.004969713,-0.053257343,-0.045331834,-0.047576593,0.04392717,0.009982824,-0.135125552,-0.008654961,0.156906327,0.137227458,-0.199105195,-0.099321708,0.020457845
trainT3.txt_A2S1Q3,0.107125251,0.012405705,0.040030376,0.009417837,-0.106357619,0.05843751,0.033207947,-0.026811932,-0.055002129,-0.007406355,0.005519176,0.057838469,0.041300259,-0.097522412,-0.068641131,0.109020936,0.099030595,-0.187142583,-0.064879022,0.040429122
trainT3.txt_P74851,0.062631994,0.02724745,0.035237791,-0.01897384,-0.082572234,0.088424291,0.053898429,-0.064114345,-0.008209619,0.007289888,0.000950435,0.064891326,0.043347889,-0.08562121,-0.059359078,0.083454992,0.090225431,-0.215854034,-0.05447173,0.031576175
trainT3.txt_O84648,0.053593099,0.014997142,-0.025958059,-0.064550044,-0.10470715,0.051266612,0.035309783,-0.100862081,-0.029118153,0.022882245,0.028263949,0.037769091,0.066167414,0.021708112,-0.061242373,0.047414601,0.071101789,-0.116142322,0.014730721,0.037375624
trainT3.txt_F3E4M8,0.117182509,0.025028728,0.033267309,-0.021707887,-0.085101687,0.06718342,0.051056307,-0.038194532,-0.037795281,-0.028296902,-0.011729577,0.049397687,0.039923656,-0.090582838,-0.050150364,0.122391386,0.093275772,-0.188932812,-0.065192329,0.018977434
trainT3.txt_D2TZ32,0.088669733,0.008547174,0.079233329,0.012823985,-0.139582969,0.081478424,0.069872241,-0.053332547,-0.041814152,-0.025030913,-0.015421234,0.088024316,0.014028756,-0.097387266,-0.07039057,0.139329638,0.103788243,-0.188223055,-0.056472418,0.001859284
trainT3.txt_Q3BRD8,0.139533534,0.038495342,0.020384837,-0.032465976,-0.08108641,0.071310091,0.048459044,-0.044932981,-0.04928969,-0.022603325,-0.002953159,0.053115673,0.04478937,-0.110885677,-0.046308455,0.132037952,0.096147179,-0.207655313,-0.08110261,0.035010575
trainT3.txt_O84085,0.098579134,0.060568014,0.013488062,-0.027413363,-0.104725165,0.089189722,0.074698536,-0.085693711,-0.03174124,-0.015125616,0.004673491,0.099139217,0.055736578,-0.089595833,-0.074985738,0.105693513,0.056312651,-0.187404275,-0.059545328,0.01815135
trainT3.txt_D0ZPH9,0.027701331,0.025474913,0.057242228,-0.010833067,-0.047777374,0.066244299,0.076762821,-0.068848601,0.017298343,-0.038324704,0.041356692,0.02654958,0.00262272,-0.053634836,-0.047924644,0.118926378,0.055421743,-0.161934398,-0.062540856,-0.023782568
trainT3.txt_Q8XYE3,0.174319138,0.098866262,-0.002502257,0.007273867,-0.181830903,0.157879486,0.164629007,-0.056285485,-0.046412544,-0.080633477,0.004622602,0.126366898,-0.016960599,-0.170671853,-0.020287682,0.135750057,0.091291006,-0.25184918,-0.125612547,-0.007951795
trainT3.txt_Q9Z8P7,0.137681884,-0.035423483,-0.038697466,-0.075473537,-0.017352144,0.021674107,-0.011476423,-0.069940702,-0.093993732,0.086935755,0.041097913,-0.004115034,0.071276935,-0.057792607,-0.043639746,0.106247173,0.12429371,-0.201199894,-0.057158865,0.117056156
trainT3.txt_Q3YTN8,0.050036877,-0.004497889,0.066399177,0.01126904,-0.110875421,0.072113195,0.063003848,-0.098129175,-0.009464219,-0.002403934,0.00619395,0.029808134,0.048167121,-0.034722356,-0.102829886,0.122368393,0.068343755,-0.171704078,-0.010637593,0.00756106
trainT3.txt_A1JQ83,0.109723564,0.017085967,0.066181502,-0.002797174,-0.094731731,0.074471726,0.050088322,-0.046255043,-0.048572231,-0.041185065,-0.029061151,0.05789111,0.025684264,-0.115105009,-0.035479919,0.155728071,0.120045977,-0.197359299,-0.081080566,0.014726682
trainT3.txt_Q989P8,0.116256451,-0.01379313,0.019097113,-0.010851308,-0.103234126,0.076269843,0.045890741,-0.032726668,-0.031635028,-0.008779168,-0.01420482,0.040420703,0.036491194,-0.08674727,-0.031403727,0.118071242,0.097907004,-0.192700732,-0.056758104,0.032429789
trainT3.txt_O87327,0.108310007,-0.031260104,0.069562562,0.038133189,-0.1210906,0.052976112,0.046195371,0.068097417,-0.054212253,-0.06418105,-0.05499593,0.044650361,-0.008640654,-0.118462143,-0.007424158,0.167613578,0.164652833,-0.20391607,-0.097226602,0.001218132
trainT3.txt_O69196,0.090651505,0.013147812,0.005998216,-0.053458201,-0.088578849,0.061378946,0.032867561,-0.10298645,-0.055356303,0.023202471,0.050304337,0.053597442,0.075818109,-0.061913024,-0.066970086,0.120130939,0.095251057,-0.18912153,-0.049355344,0.045391393
trainT3.txt_C0SPQ1,0.127163576,0.045302123,0.005435304,-0.018256573,-0.08451741,0.062775767,0.057213173,-0.037177554,-0.022212264,-0.030283409,-0.022574725,0.051121578,0.03330941,-0.101882418,-0.011830293,0.099624918,0.077757844,-0.186040808,-0.065885983,0.020957742
trainT3.txt_D0ZI38,0.097667229,0.012633591,0.053374242,-0.055337473,-0.061771452,0.039887603,0.00748448,-0.024075063,-0.001022302,-0.009531649,-0.001556354,0.040303415,0.044651699,-0.060299678,-0.07295294,0.131738734,0.057503634,-0.186002735,-0.026299906,0.013604926
trainT3.txt_S6JQB0,0.151154625,0.009617221,0.005705279,-0.031413214,-0.067108302,0.040640952,0.029153253,-0.032956601,-0.068637451,0.002301827,0.003972717,0.025340737,0.045282233,-0.10084558,-0.040509642,0.131381986,0.121411198,-0.203720144,-0.083459092,0.062687998
trainT3.txt_F2ZUJ4,0.159949439,0.018408758,0.063353813,0.02010817,-0.093803474,0.068704018,0.083832223,0.004367244,-0.028367799,-0.078687479,-0.070445721,0.04525469,-0.002720668,-0.136552947,-0.019416195,0.178160673,0.103026363,-0.203091409,-0.101794927,-0.010284771
trainT3.txt_S3MY93,0.120911359,0.008843301,0.036818359,-0.010202507,-0.073746285,0.036541231,0.036794116,-0.011301721,-0.032164958,-0.014567702,-0.01906561,0.047119669,0.032393391,-0.086331608,-0.051561253,0.135361657,0.073345953,-0.190173373,-0.06400916,0.024995141
trainT3.txt_Q3BSU7,0.092066646,0.025243099,0.02883555,-0.007432276,-0.101058354,0.071695461,0.066343698,-0.068758686,-0.033119043,-0.012603367,-0.000968389,0.064468299,0.049706871,-0.091822529,-0.044573602,0.118174089,0.07930938,-0.200562291,-0.061947122,0.027002567
trainT3.txt_O34208,0.096928503,0.040721912,0.000407645,-0.015870872,-0.120403054,0.048794258,0.03030702,-0.038095074,-0.053613398,0.009608989,0.020494052,0.058715628,0.038919097,-0.070101815,-0.054283931,0.103465068,0.090369119,-0.154458684,-0.060868524,0.02896406
trainT3.txt_Q8XTK9,0.141334104,0.030814739,0.005976548,-0.036053238,-0.073090025,0.053679493,0.034571583,-0.026352013,-0.036527495,-0.020819039,-0.006825926,0.042224885,0.038676378,-0.089974388,-0.038954957,0.111334286,0.086013323,-0.182891933,-0.061896806,0.028760481
trainT3.txt_Q9AN16,0.091366807,-0.015098655,0.096784278,0.007558316,-0.097425131,0.037132425,-0.007508558,0.027335829,-0.052920507,0.003407602,-0.039301396,0.07165098,-0.021096839,-0.089094448,-0.084933737,0.148484733,0.138724997,-0.189477339,-0.068249956,0.042660598
trainT3.txt_P0A1K5,0.048199723,0.022703339,0.091387737,0.028374286,-0.118323936,0.074064554,0.081226855,-0.060849827,-0.004533807,-0.029395532,-0.027781051,0.078942344,0.031580174,-0.080422758,-0.073397345,0.130343986,0.059708077,-0.199229465,-0.04861446,-0.003982893
trainT3.txt_Q04640,0.077649155,0.018935998,0.010889659,-0.01425889,-0.121295859,0.063796353,0.066926466,-0.090593869,-0.029617975,0.006705514,0.03274526,0.05535773,0.053646292,-0.070170701,-0.091755497,0.126412442,0.089733479,-0.175274947,-0.038631595,0.028800985
trainT3.txt_Q56019,0.161794627,0.008054807,0.021600588,-0.003261743,-0.150064266,0.114595096,0.104354226,-0.048485725,-0.063828808,-0.006134545,0.010568015,0.109462099,0.039853461,-0.127173713,-0.110558755,0.114925185,0.100039701,-0.231424788,-0.087244549,0.042929086
trainT3.txt_D2TK72,0.076759701,0.00180031,0.029365915,-0.01611671,-0.077618052,0.057049042,0.045487451,-0.053172924,-0.048569552,0.009672678,0.004297126,0.037444491,0.061199173,-0.077200757,-0.048352172,0.115607766,0.087369194,-0.189965184,-0.06135675,0.046299253
trainT3.txt_Q87W42,0.083011924,0.024402689,0.053357405,-0.011748522,-0.091186055,0.061881651,0.05043495,-0.056674004,-0.021574762,-0.029898048,-0.010026996,0.064947444,0.03705078,-0.076252505,-0.067196438,0.121971854,0.086498093,-0.18327155,-0.042657645,0.006929735
trainT3.txt_B7UNX4,0.075101227,0.008483888,0.042558072,0.010071736,-0.099033376,0.063215184,0.066300154,-0.05643752,0.001239693,-0.014173328,-0.020959043,0.030848552,0.027984724,-0.062727804,-0.053286522,0.102547779,0.05821145,-0.174680775,-0.021263376,0.015999285
trainT3.txt_Q89N83,0.116106375,0.01227469,-0.011501766,-0.044387002,-0.115642571,0.043296614,0.032601725,-0.042567044,-0.05612398,0.029362058,0.008848108,0.042213073,0.055684587,-0.068401846,-0.05269759,0.088436805,0.112997343,-0.176744477,-0.055092438,0.081337336
trainT3.txt_Q881L7,0.108535941,0.02078955,0.005209589,-0.040237292,-0.088638816,0.063863344,0.043172263,-0.061898365,-0.040068955,0.00190345,0.021752223,0.042202633,0.059538356,-0.073233047,-0.055585635,0.094108834,0.077507977,-0.174592542,-0.045413978,0.04108447
trainT3.txt_S6WSJ7,0.121026129,0.003124665,0.02199294,0.012173315,-0.083766698,0.052674242,0.050055195,-0.082083539,-0.014704649,-0.011816584,-0.021204339,0.031549732,0.033222583,-0.088300814,-0.012248454,0.133783292,0.097352659,-0.213699701,-0.055525098,0.026395125
trainT3.txt_O85345,0.097795312,0.039847366,0.023654295,-0.012344638,-0.119974073,0.067631499,0.056515406,-0.02923541,-0.021945353,-0.016697749,-0.004574572,0.067118224,0.033628795,-0.084029252,-0.048653343,0.077557635,0.064942539,-0.174346878,-0.044441711,0.027551909
trainT3.txt_Q57P56,0.084762489,0.00491172,0.012741074,-0.02420317,-0.079079802,0.063491103,0.065437607,-0.098016385,-0.027546316,0.00434147,0.00916786,0.044056587,0.044507062,-0.063542232,-0.061772669,0.099617381,0.098569703,-0.168920169,-0.029226584,0.020703271
trainT3.txt_CAA80362.1,0.114391388,-0.052376424,-0.055061091,-0.132870175,-0.107448218,-0.012136538,-0.071920387,-0.044989234,-0.101409077,0.132159072,0.148092063,-0.025212124,0.119985002,0.046233533,-0.105644522,0.078390076,0.076313288,-0.146496281,0.002847097,0.137152552
trainT3.txt_Q824H6,0.127437036,-0.02286829,0.089038908,0.035924704,-0.122104584,0.068116384,0.05725628,0.049469351,-0.048269807,-0.060085861,-0.072539889,0.040205865,-0.012753595,-0.1480713,-0.021098495,0.184930228,0.182939955,-0.218074444,-0.111933979,0.002481534
trainT3.txt_P40699,0.067911586,0.02228837,0.002030571,-0.015644104,-0.116087876,0.052942951,0.068735671,-0.046629739,-0.039514861,0.032735917,0.046894416,0.044854812,0.043283304,-0.080268799,-0.057165532,0.08984215,0.074929349,-0.172751711,-0.069718939,0.051332465
trainT3.txt_H9L477,0.08459003,0.010454756,0.026725329,-0.019128178,-0.084469196,0.047504977,0.033851612,-0.048175325,-0.029920901,-0.013242937,0.001314713,0.030446124,0.042927481,-0.06211268,-0.041338314,0.105735828,0.079056477,-0.159867421,-0.030670875,0.026318498
trainT3.txt_CAP03784.1,0.105133032,0.019838365,0.037191657,0.011332626,-0.124466064,0.069957815,0.073996591,-0.050490732,-0.052018051,-0.031646795,0.003424995,0.073094544,0.022807743,-0.091791507,-0.039252544,0.147670984,0.099209186,-0.195686497,-0.078913062,0.000607714
trainT3.txt_Q8ZQC8,0.044512412,0.018054353,0.025349766,-0.008431839,-0.11472799,0.071310945,0.080237876,-0.087092712,0.001670893,-0.00797867,0.00345134,0.059672514,0.067007742,-0.064237989,-0.081296497,0.074964823,0.073719621,-0.15509392,-0.018785514,0.017692846
trainT3.txt_Q9RBS2,-0.02112134,0.028856549,0.075490307,-0.017262073,0.001483713,0.049471491,0.034728789,-0.09542124,0.058152538,-0.030029551,0.04487242,0.023877289,0.005855456,-0.042354058,-0.061620776,0.108375996,0.041065987,-0.092677224,-0.066034204,-0.04571007
trainT3.txt_O84855,0.107088229,-0.004290868,0.045468202,-0.054788188,-0.089762935,0.084795145,0.028417594,-0.093023861,-0.050110029,0.02289296,0.023190579,0.016626211,0.068172284,-0.091108019,-0.078891466,0.124831993,0.106294578,-0.18868455,-0.046636518,0.069518656
trainT3.txt_P40296,0.076588939,0.021705558,-0.001547447,-0.039873706,-0.105212403,0.052307529,0.049521887,-0.071119044,-0.0556063,0.037687956,0.077274491,0.02870341,0.062144715,-0.070194137,-0.054016765,0.078544051,0.079833116,-0.169219406,-0.055110424,0.05758798
trainT3.txt_D2TTX7,0.064705698,-0.010041599,0.082956957,0.018397597,-0.091486454,0.03952524,0.029861968,-0.06468381,-0.046977511,0.005825995,0.027548577,0.039126358,0.049378842,-0.042992746,-0.093858122,0.107654008,0.078842943,-0.178282119,-0.036655184,0.021153364
trainT3.txt_Q8RP17,0.130772707,0.035135076,0.01499986,-0.023660112,-0.095081062,0.069071539,0.055518217,-0.033521185,-0.033193649,-0.038176399,-0.013671264,0.05606045,0.032603431,-0.112505591,-0.031502306,0.125503651,0.09044029,-0.183114884,-0.070530132,0.024851364
trainT3.txt_Q886L1,0.108190936,0.01745073,0.031278011,-0.021186523,-0.068346904,0.053430497,0.038502145,-0.040716182,-0.026294698,-0.019593594,-0.016110193,0.036175706,0.036569649,-0.081158965,-0.05866404,0.124077905,0.096234583,-0.182297615,-0.050396994,0.022855546
trainT3.txt_Q9Z7W9,0.103182538,0.130502262,0.026315209,0.031980622,-0.201378905,0.256288282,0.268193168,-0.173814108,-0.015252798,-0.033697453,0.092824779,0.22260711,0.048122766,-0.192359481,-0.223953421,0.079474867,0.0519682,-0.29845618,-0.148816176,-0.02373128
trainT3.txt_Q9L6W3,0.156812932,-0.002259245,0.043025331,0.004702312,-0.105347407,0.086218064,0.056825004,0.003631716,-0.045341302,-0.050811896,-0.053346491,0.063690916,0.01441977,-0.120370948,-0.030950092,0.147405812,0.09937093,-0.200689288,-0.087853605,0.020867489
trainT3.txt_D8P4R3,0.129637483,0.039154419,0.02369634,-0.024457474,-0.081833188,0.064433407,0.04498378,-0.016504384,-0.038284734,-0.037475707,-0.018199856,0.052534389,0.036559997,-0.103884217,-0.034524959,0.120165285,0.092532833,-0.187973543,-0.075250573,0.0146907
trainT3.txt_F3ICX9,0.155334228,0.073210947,-0.00236738,-0.015280943,-0.199524048,0.138202939,0.102791424,-0.004398463,-0.066330741,-0.100082611,-0.060220578,0.124677996,-0.05692328,-0.18793053,0.183847444,0.153533397,0.14973665,-0.267753843,-0.134385967,0.013863359
trainT3.txt_Q2T711,0.177805045,0.035762423,0.039163536,0.008072116,-0.176952408,0.134884771,0.152790476,-0.037528695,-0.078363035,-0.006043572,0.048116447,0.116666126,0.04743819,-0.157698514,-0.136259883,0.11249073,0.083538143,-0.255877187,-0.130688429,0.02268372
trainT3.txt_K2TQ10,0.072688708,0.021028939,0.039588738,0.006295069,-0.090757712,0.053053162,0.0490029,-0.07193248,-0.010947542,0.011618532,0.001401759,0.05716769,0.046763873,-0.088027344,-0.049672388,0.098165236,0.066565478,-0.203069019,-0.046608178,0.037674579
trainT3.txt_K0GGG6,0.055601601,0.000522652,0.055378867,-0.000900766,-0.088509883,0.038151878,0.027803893,-0.040728131,-0.018727116,-0.013842061,-0.016163489,0.030271286,0.02890982,-0.04848581,-0.059890407,0.101650364,0.101257017,-0.150599678,-0.019452621,0.017752585
trainT3.txt_D4HWC7,0.11785385,0.002659851,0.074279456,0.010297398,-0.123816808,0.036389081,0.003933359,0.02547158,-0.031778951,-0.021213051,-0.05386561,0.053335204,-0.009486316,-0.105799981,-0.048354068,0.147319092,0.103935002,-0.161118976,-0.038601651,0.01856154
trainT3.txt_Q7P1B7,0.161474649,0.041754178,0.031454186,-0.047138649,-0.106170235,0.06759079,0.030537836,-0.021869462,-0.032600616,-0.026206457,-0.026884698,0.063519849,0.02703371,-0.096497116,-0.049453588,0.11719142,0.082934206,-0.177446319,-0.051705037,0.012481353
trainT3.txt_D2TI15,0.063541351,0.016246979,0.033943485,-0.017356283,-0.078396546,0.065123039,0.026090501,-0.061344125,-0.02169995,-0.005758602,-0.01074448,0.041215294,0.047968691,-0.049933084,-0.086490064,0.095947614,0.10104221,-0.167495238,-0.023720164,0.03181937
trainT3.txt_Q63K50,0.084175035,0.022926109,0.031285287,-0.012688105,-0.089996387,0.059027759,0.046855301,-0.047246588,-0.026915361,-0.007919396,0.009252398,0.050380057,0.055503594,-0.076026236,-0.057233237,0.098517575,0.068197622,-0.182260833,-0.052959212,0.027124617
trainT3.txt_Q87P35,0.108228609,0.022659315,0.047330643,-0.015882255,-0.090419154,0.080778085,0.053152275,-0.042483662,-0.03403599,-0.037693128,-0.02289093,0.068071347,0.039632991,-0.102624965,-0.047968502,0.13186265,0.090859209,-0.195285305,-0.067890255,0.014599024
trainT3.txt_B9A810,0.08155122,0.020356665,0.057902922,-0.01486605,-0.090293826,0.064558088,0.049724154,-0.046482604,-0.045085487,-0.024252512,-0.013778242,0.08471579,0.042292062,-0.091149996,-0.059270928,0.130049727,0.090126784,-0.196707006,-0.062329727,0.022938969
trainT3.txt_WP_010875097.1,0.143179794,0.008848139,0.043469498,0.021126535,-0.088836433,0.064712173,0.062398953,0.056792598,-0.032561217,-0.050876292,-0.067771189,0.03540231,0.019829306,-0.121017942,-0.031972237,0.146255743,0.080154865,-0.200998137,-0.095327731,0.007191264
trainT3.txt_Q9Z8X8,0.074182603,-0.017910464,-0.019285807,-0.017929055,-0.084942624,0.043756016,0.03947457,-0.095339575,-0.024697324,0.04446899,0.040707438,0.013294288,0.068574336,-0.046389243,-0.055806391,0.066922897,0.091129102,-0.167144039,-0.019433261,0.066367543
trainT3.txt_O84856,0.097878565,0.010588172,0.045526928,-0.023340807,-0.09122548,0.092000254,0.050682998,-0.064808706,-0.045366296,-0.006827547,-0.005052954,0.040340531,0.047094376,-0.104032848,-0.058839779,0.139301981,0.105686421,-0.202456177,-0.064748897,0.037599266
trainT3.txt_P0CZ04,0.085894836,-0.026452591,-0.008669544,-0.03964313,-0.064345212,0.032621278,0.009792242,-0.052677243,-0.026335415,0.032195653,0.035459543,0.002988707,0.061186197,-0.039883705,-0.065239541,0.083298248,0.095151745,-0.157524685,-0.005626748,0.047809363
trainT3.txt_P68590,0.079034009,0.002620305,0.012209049,-0.039299324,-0.099108455,0.077901253,0.051934442,-0.103257521,-0.048454731,0.02106711,0.045280675,0.043735789,0.087218669,-0.079663573,-0.055611144,0.107290382,0.083449593,-0.188076271,-0.050993977,0.05272372
trainT3.txt_Q888Y1,0.116084625,0.037169445,0.014707398,-0.025260866,-0.093341586,0.068820321,0.049755289,-0.036781123,-0.038659581,-0.017742987,0.005766066,0.045493598,0.046940899,-0.096771383,-0.045768648,0.109176272,0.080213659,-0.186511344,-0.067237265,0.033947213
trainT3.txt_C0SPP7,0.095530771,0.064583483,0.055867376,0.015364257,-0.130782294,0.102183939,0.067048881,-0.007002224,0.003247004,-0.098930645,-0.077924259,0.062900387,-0.022268855,-0.129537284,0.002973495,0.189561356,0.096639099,-0.19070905,-0.058470637,-0.040274799
trainT3.txt_D2AJU3,0.048185099,-0.005738231,0.033697673,-0.010331172,-0.101354986,0.047964062,0.04327738,-0.08987,-0.023523592,0.024148209,0.027859337,0.032325534,0.060046367,-0.038829842,-0.076593099,0.083754292,0.067156094,-0.160335717,-0.002400497,0.040563087
trainT3.txt_D4SUA6,0.117292298,0.038843627,0.01570064,-0.012637949,-0.107283247,0.069854341,0.054260559,-0.051329626,-0.022765593,-0.029759191,-0.005103323,0.054670086,0.03455973,-0.076071438,-0.034882651,0.090186534,0.075393783,-0.18811034,-0.048723451,0.025905211
trainT3.txt_Q6R8C3,0.104834329,0.026180282,0.069126002,-0.001782381,-0.102782013,0.07450553,0.066305063,-0.040954072,-0.030718103,-0.041339624,-0.041759479,0.054051307,0.023351129,-0.11901578,-0.030296959,0.144407033,0.106198416,-0.198947752,-0.080738717,0.019375789
trainT3.txt_D0ZDK9,0.088351137,0.036490002,0.035546256,-0.005856857,-0.107315372,0.104949953,0.068810057,-0.03754158,-0.028628429,-0.028256651,-0.016339552,0.050003,0.049282995,-0.099294939,-0.078020574,0.1075653,0.075175712,-0.185194272,-0.056377795,0.02665161
trainT3.txt_D2TML3,0.067474589,0.011282802,0.038135524,-0.021519077,-0.080502965,0.055652794,0.046044424,-0.076887219,-0.012436457,-0.001054754,0.021696006,0.039195209,0.054468872,-0.067087551,-0.064886029,0.106451463,0.083869258,-0.179821731,-0.043663953,0.023588794
trainT3.txt_Q9REZ7,0.112101204,0.041174691,0.038636944,-0.033142699,-0.09647656,0.083837557,0.0460501,-0.049260849,-0.065219037,-0.021737884,-0.002922553,0.053483317,0.065048094,-0.116375198,-0.058750343,0.122153468,0.109824781,-0.185225372,-0.08807354,0.044873878
trainT3.txt_Q989M4,0.12645315,0.040269316,0.011732853,-0.02232181,-0.0867618,0.066353401,0.059056514,-0.042481597,-0.035018575,-0.019099556,-0.003552247,0.055170517,0.035774569,-0.096800999,-0.041514888,0.106896186,0.074653087,-0.189704631,-0.066032368,0.026928877
trainT3.txt_O84056,0.041540599,0.054344556,0.045464247,0.061119106,-0.141753247,0.101249415,0.140229466,-0.078656302,-0.019690193,-0.043399536,-0.030199729,0.089888947,0.023322462,-0.107834425,-0.041604803,0.099498557,0.060556043,-0.185850835,-0.069442543,0.001218215
trainT3.txt_P55724,0.082066296,0.056368521,0.042004984,0.009398486,-0.113837615,0.096509387,0.080180411,-0.046063589,-0.000807257,-0.055878692,-0.061705594,0.065913722,0.016899073,-0.086058803,-0.049186942,0.10969788,0.077168887,-0.169134092,-0.036116444,-0.017418618
trainT3.txt_A0FKE5,0.154139026,0.017429577,0.009261992,-0.035977646,-0.09027472,0.089805584,0.051273196,-0.025075032,-0.054386048,-0.020021476,-0.002469504,0.047366601,0.045068212,-0.116593602,-0.05354154,0.13431065,0.096968549,-0.192283352,-0.086782323,0.031781853
trainT3.txt_A2S1Q1,0.180400929,0.058847542,0.033647649,-0.006366679,-0.119455254,0.112754435,0.066172324,-0.008168304,-0.049664179,-0.052858585,-0.038035937,0.088184209,0.032974397,-0.161727997,-0.076908554,0.162060287,0.113627759,-0.225616396,-0.117369657,0.00750201
trainT3.txt_Q3BY60,0.163774982,0.017044928,-0.000131295,-0.04685275,-0.076953543,0.064369714,0.033547941,-0.036798173,-0.057906817,-0.024903308,0.004152047,0.033778326,0.050824009,-0.107587719,-0.036786974,0.135156764,0.102320049,-0.176451466,-0.07803425,0.037437534
trainT3.txt_Q79UN8,0.121561629,0.048219709,0.028412309,0.002950425,-0.095580797,0.060081782,0.050895675,-0.009445774,-0.040998542,-0.00848439,-0.015260284,0.052248488,0.019450114,-0.08882627,-0.083594265,0.114263865,0.081815172,-0.187672609,-0.061158429,0.011122192
trainT3.txt_Q9RBS0,0.15523507,0.005726318,0.09576985,0.010328192,-0.115970614,0.100441777,0.053669202,0.102906714,-0.037265162,-0.089754687,-0.067931565,0.05611381,0.017791877,-0.164307217,-0.023721503,0.166342269,0.082771092,-0.214820125,-0.112095387,-0.021229913
trainT3.txt_Q4ZXP9,0.121747552,0.016940658,0.037073401,-0.00565285,-0.078617422,0.053481157,0.049186853,0.000909074,-0.029171858,-0.041022471,-0.011913748,0.034015643,0.02665302,-0.075153384,-0.065569335,0.119324999,0.072773517,-0.175532651,-0.054728209,0.005256054
trainT3.txt_Q889A9,0.126719016,0.012035965,0.004379434,-0.037648517,-0.106148829,0.059636646,0.02214309,-0.032119079,-0.044160421,-0.013701702,-0.000323826,0.02970461,0.047726643,-0.079238727,-0.047998515,0.10961748,0.096961714,-0.146137446,-0.035810925,0.034363389
trainT3.txt_Q6LAD6,0.092340594,0.023410417,0.029523226,-0.015195954,-0.093076668,0.061813213,0.05409038,-0.037788601,-0.012687112,-0.038383116,-0.021562388,0.05185042,0.033767098,-0.082589694,-0.030303331,0.115537604,0.078740077,-0.166993819,-0.047247476,0.004755129
trainT3.txt_Q9R803,0.117456793,-0.001133505,-0.003158147,-0.053175907,-0.075070679,0.061539377,0.027217033,-0.043140387,-0.080700605,0.0242944,0.04414788,0.029931541,0.094057415,-0.08538259,-0.071459291,0.108038989,0.091449467,-0.179420219,-0.074247613,0.06875605
trainT3.txt_D2TKG4,0.053746386,0.039526697,0.040556038,-0.045549195,-0.107101038,0.050427236,0.041030275,-0.085236277,-0.017556036,0.013976383,0.01085469,0.072887019,0.057940361,-0.055138391,-0.083742236,0.093917861,0.061324734,-0.165453447,-0.01332208,0.03691102
trainT3.txt_Q5EN61,0.139474872,0.012031208,0.006927357,-0.032941427,-0.098794199,0.052466145,0.032352759,-0.022254947,-0.053607889,-0.01163817,0.012482545,0.030909096,0.054097878,-0.078066985,-0.04319269,0.116927321,0.085468567,-0.176956197,-0.067350493,0.041665249
trainT3.txt_P33546,0.056082704,0.02809434,0.061378819,-0.017270529,-0.104562859,0.061097813,0.049683553,-0.085691711,-0.014529483,-0.01144131,0.00833168,0.070799807,0.047276434,-0.063401647,-0.076218598,0.108351836,0.076975171,-0.179870047,-0.028969486,0.013883512
trainT3.txt_A9ZNF2,0.059817168,0.028476133,0.053096099,-0.024838115,-0.098314255,0.053106406,0.041677666,-0.096016719,-0.043803776,0.009461469,0.018431186,0.073084495,0.059547418,-0.075682534,-0.064927787,0.107892454,0.101504513,-0.190180709,-0.051652903,0.039321791
trainT3.txt_B7UMR0,0.082843526,0.030480386,0.029320508,-0.03909287,-0.081931925,0.038262584,0.027969256,-0.040352852,-0.019411955,0.015660433,0.018832959,0.032040679,0.061902963,-0.070200652,-0.065997859,0.092864599,0.072307117,-0.184093129,-0.044178651,0.042774884
trainT3.txt_P0CL47,0.128980377,0.009012095,0.05648843,-0.013732112,-0.113402057,0.090932063,0.052655833,-0.036844215,-0.056332937,-0.018229408,-0.030274148,0.066851756,0.039387981,-0.129290508,-0.068557347,0.171142392,0.141438437,-0.223350652,-0.096727364,0.029851382
trainT3.txt_O33680,0.070121426,-0.005740508,0.098863968,0.08082079,-0.20981701,0.038998678,0.022888766,0.060769852,-0.0053766,-0.037128331,-0.033330045,0.029737536,-0.053366051,-0.041502559,-0.096274212,0.104979994,0.102395619,-0.137693862,0.012604761,-0.001952211
trainT3.txt_O84462,0.117892421,-0.034865109,0.09807893,0.077412285,-0.156178491,0.060652283,0.085576299,0.046026584,-0.059965821,-0.060268481,-0.094547752,0.025441343,-0.046740001,-0.157964787,0.035307901,0.224559734,0.184577072,-0.241498489,-0.102667446,-0.000828476
trainT3.txt_O84163,0.068618775,0.02259603,0.024567839,-0.024285679,-0.088569566,0.056373703,0.0472899,-0.090343537,-0.037152148,-0.004310803,0.023679906,0.07092822,0.055049789,-0.060892229,-0.045665417,0.1052592,0.072978642,-0.181664851,-0.03704795,0.022590176
trainT3.txt_B2TSV7,0.043711028,0.017858437,0.070172084,-0.002166338,-0.109889297,0.057526293,0.050954456,-0.085564001,0.002918677,-0.003701924,-5.05E-06,0.063029451,0.048767576,-0.048964461,-0.08281797,0.102924404,0.061209439,-0.184026042,-0.019664302,0.017727542
trainT3.txt_WP_010883763.1,0.046484968,0.022550996,0.028302296,-0.007444222,-0.111103811,0.051530777,0.051716062,-0.091430749,-0.025548341,0.009148373,0.007490629,0.075550561,0.042623658,-0.029951843,-0.081905658,0.075852182,0.078210934,-0.166202558,0.006186164,0.017939582
trainT3.txt_B7UR62,0.061126761,0.015326027,0.056002595,-0.005934313,-0.093248072,0.051668233,0.044582497,-0.062807473,-0.029004477,-0.00113985,-0.008789544,0.039315569,0.046411691,-0.080600324,-0.05297366,0.115875066,0.095330511,-0.185680475,-0.046026152,0.040565392
trainT3.txt_Q87X57,0.072025867,0.037515775,0.046455887,-0.019567413,-0.09567239,0.0767119,0.053789049,-0.070788848,-0.015235502,-0.022800173,-0.009733145,0.055475843,0.048280471,-0.083786462,-0.078402378,0.105556857,0.095035085,-0.171771936,-0.040526338,0.017437854
trainT3.txt_P27474,0.049919405,-0.002905349,0.02592412,-0.003298478,-0.070630679,0.050180885,0.037162123,-0.079400481,-0.022885369,0.014237429,0.01338534,0.038151411,0.047131355,-0.053409467,-0.078755724,0.083948273,0.093647106,-0.161979084,-0.007012377,0.026589561
trainT3.txt_Q87W46,0.09831812,0.028741977,0.00981285,-0.027151112,-0.095934081,0.062884963,0.047891538,-0.046386136,-0.020978581,-0.019800976,-0.005796092,0.063564192,0.045004866,-0.079850179,-0.024164376,0.091989178,0.064771581,-0.174721419,-0.042807962,0.024611648
trainT3.txt_Q52481,0.130784794,-0.019791047,0.047462179,0.010984514,-0.111486574,0.081196625,0.045629201,0.036206715,-0.055733181,-0.044439603,-0.016681536,0.028582439,0.038237008,-0.126888314,-0.041381433,0.161656973,0.1204116,-0.204626357,-0.094987264,0.01486326
trainT3.txt_E7PP21,0.077195979,0.053899792,0.057374414,-0.006763029,-0.110071723,0.075725355,0.069846066,-0.045058614,-0.001674794,-0.0474324,-0.023677485,0.077576931,0.025723471,-0.100312662,-0.043216522,0.117160614,0.074549543,-0.187601176,-0.052530615,-0.010713143
trainT3.txt_O30916,0.092953155,0.019872651,0.038890697,-0.02369656,-0.109778393,0.082513839,0.055030442,-0.044605469,-0.015481038,-0.022842834,-0.014953666,0.073894767,0.039476232,-0.098691574,-0.053333879,0.097966794,0.086559583,-0.171606998,-0.04653628,0.014368529
trainT3.txt_C8TNS7,0.200950054,-0.032717695,0.002734686,-0.073621374,-0.023004491,-0.009180898,-0.028014232,0.031389448,-0.111170076,0.034007413,0.033685985,-0.019728517,0.059746591,-0.092719859,-0.065541288,0.141259578,0.129783387,-0.174041288,-0.099480682,0.095663258
trainT3.txt_P18013,0.09307807,-0.011532037,0.073279612,-0.003332681,-0.119401067,0.071108047,0.056724973,-0.056376893,-0.033901819,-0.027907604,-0.016116718,0.056204711,0.031460822,-0.107448821,-0.070629466,0.161598906,0.14323291,-0.196838414,-0.059937129,0.016734601
trainT3.txt_P28764,0.130942333,-0.036519047,0.077504934,0.011308072,-0.142647439,0.066319299,0.06302647,-0.025923381,0.004763292,-0.011255468,0.004773464,0.090354803,-0.023189347,-0.056264256,-0.080326307,0.061051181,0.059778229,-0.151335961,-0.051958886,0.009598013
trainT3.txt_Q9Z7K3,0.109534474,0.02795412,0.071880789,0.019043708,-0.188389455,0.08874778,0.074575516,-0.012389351,-0.081072289,-0.008250748,-0.01779471,0.065102433,-0.007331451,-0.112547358,-0.035082581,0.148923868,0.125179925,-0.230393042,-0.089077321,0.051385695
trainT3.txt_Q9JP32,0.095001839,0.02155596,0.005085462,-0.018215737,-0.092693371,0.07976728,0.045817864,-0.034184276,-0.004782504,-0.015633105,-0.027465305,0.03637767,0.04656036,-0.055547064,-0.056773846,0.095312782,0.056816596,-0.165189509,-0.026177989,0.014366895
trainT3.txt_Q8ZMY7,0.047470291,0.01080211,0.050244466,0.041546427,-0.103558432,0.066640412,0.075585451,-0.063615638,-0.007274331,-0.02147716,-0.019252849,0.033648209,0.033370818,-0.076315633,-0.031628461,0.094080674,0.072084712,-0.175986686,-0.040108005,0.013743625
trainT3.txt_Q8ZMY7,0.094506545,0.03796084,0.02925426,-0.014845531,-0.103455281,0.071046826,0.067340152,-0.058011799,-0.023702181,-0.028878798,-0.017155616,0.071253861,0.038231399,-0.091872746,-0.052616448,0.119000357,0.076088344,-0.18343853,-0.050027242,0.019321587
trainT3.txt_D2TZV2,0.073288743,0.015549243,0.00381098,-0.03473347,-0.126413617,0.090745009,0.044324396,-0.112840661,-0.0404814,0.034886083,0.076963018,0.052803258,0.076837564,-0.045138412,-0.100056565,0.096785764,0.067639348,-0.170021231,-0.036911353,0.032963304
trainT3.txt_O84743,0.074760342,-0.016450706,-0.005107747,-0.0338772,-0.051341599,0.038615107,0.004718181,-0.06495249,-0.028277397,0.029324109,0.02646498,0.006968327,0.051852993,-0.046278743,-0.058618179,0.086459393,0.112381785,-0.167736237,-0.018407173,0.059502254
trainT3.txt_O30783,0.124297289,-0.027783188,-0.008870559,-0.086008281,-0.044402321,0.023833983,-0.016997513,-0.085759068,-0.068027218,0.071685355,0.078806877,-0.00446378,0.077325667,-0.0701159,-0.056592401,0.109403938,0.130378663,-0.190206204,-0.058535037,0.102029697
trainT3.txt_Q7WRZ5,0.057235805,0.000541033,0.027353621,-0.00571901,-0.07763485,0.064344733,0.048447145,-0.07797525,-0.023761635,0.022596469,-0.006425258,0.036763065,0.05993976,-0.055334957,-0.066709349,0.087199183,0.076430529,-0.173216918,-0.033345697,0.039271579
trainT3.txt_Q882F0,0.113700733,0.011093995,0.088484214,0.007780247,-0.13802203,0.05869748,0.01642582,0.046251533,-0.051158465,-0.031588289,-0.038440216,0.069952771,0.031960911,-0.113563772,-0.060536921,0.152251988,0.099176797,-0.177858103,-0.074083525,-0.01052517
trainT3.txt_Q9Z861,0.056919345,0.004777906,-0.013872847,-0.046068725,-0.090119188,0.047704922,0.028374824,-0.081864021,-0.014909123,0.037949892,0.025110128,0.017329268,0.065397149,-0.0164799,-0.053026111,0.064558575,0.066920147,-0.149630435,0.001730475,0.04919772
trainT3.txt_Q3BYL8,0.158232685,0.03904147,0.0015468,-0.037758513,-0.073270042,0.061601828,0.0404991,-0.028758314,-0.06084126,-0.023683132,-0.004727908,0.039832697,0.038478032,-0.107542854,-0.029865672,0.122536258,0.101977149,-0.196466095,-0.081927532,0.041095303
trainT3.txt_Q8ZMI3,0.092866577,0.034099103,0.032342848,-0.001948652,-0.131307547,0.060790045,0.057793152,-0.050094922,-0.016504598,-0.010821824,0.00040388,0.062086761,0.045374509,-0.075277254,-0.062722021,0.107218543,0.070319202,-0.184409926,-0.052010069,0.021802193
trainT3.txt_O84623,0.123609748,-0.029858359,0.003018006,-0.05647292,-0.052206844,0.041373093,-0.001677382,-0.034011526,-0.069435449,0.019223167,0.00882542,0.011939661,0.06003169,-0.048885426,-0.077187377,0.130814646,0.14474829,-0.18860933,-0.051079087,0.06583998
trainT3.txt_K2RW35,0.151007955,0.03090991,0.032741586,-0.003551635,-0.104516209,0.07689717,0.059676023,-0.011439667,-0.058537274,-0.04475609,-0.033209911,0.07973409,0.016676574,-0.125387525,-0.04818478,0.14698793,0.095601556,-0.188931966,-0.090399076,0.01868134
trainT3.txt_Q63K38,0.203612275,0.035301442,0.018098241,-0.025607312,-0.083759911,0.050661375,0.023496264,0.062691337,-0.04808649,-0.075658798,-0.065426467,0.033603559,-0.010259913,-0.147059045,0.048825916,0.174891012,0.104197621,-0.199053679,-0.104446878,0.003979449
trainT3.txt_D2TT38,0.051664627,0.017688422,0.03416593,-0.02240851,-0.100658123,0.061367135,0.058978617,-0.094177248,-0.013208905,0.008463951,0.008303495,0.057358571,0.059406921,-0.054731079,-0.057572259,0.078393369,0.052231596,-0.169112313,-0.013509076,0.037354879
trainT3.txt_D2TKG5,0.032358856,-0.014726474,0.034419321,-0.003857259,-0.091045467,0.04204758,0.02187777,-0.067381532,-0.006111949,0.044327716,0.021929628,0.017241484,0.051371367,-0.038152056,-0.081157042,0.060710292,0.082013889,-0.169167569,0.007727981,0.055573464
trainT3.txt_F3IP82,0.116296508,0.014113208,0.022243724,-0.022672942,-0.075312654,0.049017985,0.03736582,-0.027426943,-0.031823203,-0.009307886,-0.010278017,0.04001731,0.041536399,-0.076837037,-0.056386315,0.115129287,0.07534149,-0.180000604,-0.053458002,0.032441873
trainT3.txt_D2AJI2,0.079067255,0.01383299,0.085399307,0.014548848,-0.117307517,0.074562834,0.066065083,-0.063978413,-0.01858536,-0.027884912,-0.018920123,0.078924722,0.024018802,-0.106658201,-0.055286551,0.143097652,0.117246497,-0.215744437,-0.075957319,0.003558842
trainT3.txt_Q87GF9,0.143857855,0.001359044,0.011097562,0.032002975,-0.205240416,0.141401023,0.151212933,0.094294838,-0.05508526,-0.113606341,-0.072473743,0.068161176,-0.085218083,-0.19107008,0.156076903,0.219310843,0.152234374,-0.269579387,-0.172253169,-0.006483046
trainT3.txt_Q9Z8P6,0.107289997,-0.025854418,-0.020608965,-0.071283729,-0.068714459,0.04787798,0.001029426,-0.083950687,-0.082518526,0.059166021,0.069575358,0.00177906,0.099694814,-0.071076109,-0.030279741,0.100675948,0.123425257,-0.186912695,-0.064027793,0.09471326
trainT3.txt_D2TZ34,0.124233068,0.048405643,0.053394352,-0.000125756,-0.179587319,0.167396191,0.171405403,-0.112851485,-0.056850338,0.009286274,0.065876789,0.16551706,0.053122135,-0.140456667,-0.174833543,0.100052919,0.084897087,-0.268598104,-0.124416026,0.014132317
trainT3.txt_C4PL71,0.190818562,0.006185008,0.041310321,0.016140199,-0.072767677,0.069502772,0.050906281,0.070875902,-0.025857599,-0.087299841,-0.077788562,0.030162755,0.007392193,-0.121461381,-0.042731222,0.18291547,0.062748386,-0.180897471,-0.098536265,-0.021617832
trainT3.txt_Q8ZN18,0.004125694,0.044645174,0.088698371,-0.002889529,-0.092293653,0.058357741,0.067699154,-0.108354923,-0.001893722,9.01E-05,0.082693404,0.057124222,0.01306471,-0.063645217,-0.070072531,0.11506896,0.067257035,-0.198541212,-0.061449855,0.000316101
trainT3.txt_H9L486,0.117995631,-0.001518686,-0.005969148,-0.074333207,-0.05786582,0.041303012,0.007688822,-0.035195913,-0.043724588,0.023161474,0.035582629,0.019422636,0.062254368,-0.063166536,-0.041054877,0.092223901,0.07314383,-0.170485672,-0.04129829,0.061836433
trainT3.txt_O85666,0.101269637,0.022931701,0.035107469,-0.025403451,-0.089707657,0.06444357,0.048142078,-0.027493215,-0.020455479,-0.020970043,-0.008121194,0.043017217,0.043114746,-0.074816333,-0.062807645,0.106636009,0.06218809,-0.170906036,-0.043386253,0.017216788
trainT3.txt_Q8XQE6,0.132386281,0.02765249,0.001032468,-0.037476266,-0.076400177,0.060700743,0.035769556,-0.021246059,-0.04406404,-0.020842624,0.001192803,0.04618692,0.047092405,-0.090919834,-0.02606765,0.104668743,0.074048637,-0.176732156,-0.065184583,0.02820234
trainT3.txt_A9MJD1,0.069134693,0.003228148,0.043312394,-0.018935081,-0.108113207,0.072433648,0.068468153,-0.077610384,-0.018672794,-0.003078405,0.017292956,0.058985406,0.042789306,-0.079822951,-0.075660423,0.105017045,0.098348363,-0.176784584,-0.041110512,0.020778229
trainT3.txt_Q9Z7J8,0.124678887,0.017486061,-0.005357442,-0.006878357,-0.137045387,0.067216948,0.056155235,-0.008901547,-0.074257326,0.054193873,0.034033063,0.032294304,0.040418678,-0.078661218,-0.073866308,0.082662112,0.089892388,-0.22515713,-0.065530715,0.076623881
trainT3.txt_D2AJ54,0.07803068,-0.006385709,0.052184378,-0.02030109,-0.110273766,0.05073072,0.023452043,-0.067115557,-0.016773983,0.016799615,0.031345033,0.051008552,0.051071523,-0.051886932,-0.071576742,0.091502026,0.079313273,-0.18319661,-0.028522672,0.030595217
trainT3.txt_Q3BW96,0.128365008,0.050369767,0.005975927,-0.028819981,-0.080482072,0.074506543,0.054159337,-0.052326532,-0.037265761,-0.020141231,0.001014146,0.058653484,0.051507793,-0.104087136,-0.035614149,0.108968198,0.076388767,-0.198626209,-0.076525041,0.023979141
trainT3.txt_Q9Z7Q6,0.138939339,0.012969605,0.000795742,-0.066741492,-0.053721054,0.041987692,0.019830095,-0.046930289,-0.073760632,0.0086095,0.027367544,0.050742659,0.06145997,-0.081508265,-0.069438994,0.117654259,0.103972504,-0.188585797,-0.06328008,0.059637693
trainT3.txt_O84883,0.099635653,0.05880044,0.042159796,0.002110101,-0.125869524,0.087161189,0.07751203,-0.022660536,-0.016120212,-0.062703948,-0.052100714,0.062224268,0.017809005,-0.101467878,-0.055242661,0.12905728,0.091045583,-0.180668072,-0.050030046,-0.000651754
trainT3.txt_B4SX34,0.077041622,0.010598861,0.045206051,-0.010222217,-0.098958866,0.049770667,0.031185787,-0.076619994,-0.029823855,-0.004468779,-0.001405133,0.042829092,0.039176636,-0.061831227,-0.053968921,0.117440109,0.105026531,-0.164850397,-0.044105161,0.027979193
trainT3.txt_P0AE20,0.098815339,-0.00069655,0.041375525,0.01235606,-0.088241596,0.026625807,0.064501352,-0.031331198,-0.011897465,0.037779353,0.005986298,0.053280166,0.019381137,-0.047704976,-0.086333393,0.053942766,0.053109509,-0.21319851,-0.026180782,0.038431158
trainT3.txt_A2I8A1,0.11377126,0.025887216,0.027679462,-0.008303747,-0.081488969,0.052073767,0.039858796,0.010872577,-0.028350499,-0.043659495,-0.025216872,0.034082055,0.023554158,-0.085909756,-0.013976775,0.116457376,0.070272136,-0.164554248,-0.059916805,-0.003131638
trainT3.txt_O84436,0.03506697,0.041705628,0.017071127,0.00858074,-0.141342504,0.089442693,0.096963263,-0.093845245,-0.004576636,-0.013664188,-0.014805212,0.083160813,0.045364296,-0.051539096,-0.070501297,0.072113257,0.075703764,-0.167988072,-0.013753182,0.00684288
trainT3.txt_CBH40896.1,0.057718155,0.052810522,0.066097355,0.027073178,-0.175287973,0.140710407,0.142077393,-0.126931079,-0.037447156,-0.006459368,0.017288862,0.147943425,0.016119713,-0.0988167,-0.118078522,0.080520181,0.07918701,-0.199102023,-0.058896507,-0.006526873
trainT3.txt_Q08678,0.099789774,0.045666834,0.032232569,-0.012570684,-0.128555042,0.065803147,0.051510826,-0.045852817,-0.007803125,-0.028764655,-0.009886616,0.062518228,0.038135023,-0.081877241,-0.04448983,0.121883037,0.071609078,-0.182410012,-0.053784251,0.006845758
trainT3.txt_Q88AB8,0.132906915,0.041428561,0.019099665,-0.037646406,-0.119766427,0.096292653,0.070072915,-0.04812791,-0.036206339,-0.048192014,-0.011450599,0.075029419,0.028415678,-0.137328037,0.015595215,0.130328739,0.116873178,-0.200863834,-0.098549402,0.012088029
trainT3.txt_B0B9M3,0.140464701,-0.015716333,-0.013259099,-0.08391532,-0.028860228,0.024922588,0.003786919,-0.061871034,-0.077255954,0.036768834,0.043151125,0.011851343,0.074549331,-0.087288946,-0.071183728,0.111292674,0.129939191,-0.178304568,-0.04866654,0.089595042
trainT3.txt_Q326N4,0.063320968,-0.011684929,0.051379555,-0.011426361,-0.082065292,0.044084552,0.03651236,-0.083521467,-0.029052985,0.014616561,0.008143347,0.034320663,0.051186637,-0.054999913,-0.063981827,0.123084094,0.090237864,-0.181518762,-0.034963567,0.036328502
trainT3.txt_Q8Y125,0.124542597,0.065142486,0.039320175,0.000872625,-0.137341034,0.067975428,0.050874491,-0.035041819,-0.022583188,-0.032535997,-0.025293365,0.063314168,0.019040927,-0.104054301,-0.038846626,0.125625485,0.092045444,-0.196740355,-0.070924765,0.014607621
trainT3.txt_Q7VWI4,0.201037818,-0.014201717,-0.014674085,-0.053784522,-0.09714822,0.052191526,0.022470621,0.008136117,-0.086541828,0.024779769,0.017035616,0.037790128,0.063688887,-0.112357127,-0.061307682,0.136902306,0.105620225,-0.199250644,-0.103367274,0.07298009
trainT3.txt_Q989R4,0.116037623,0.047225117,0.02266881,-0.012088541,-0.101744255,0.083293559,0.061342007,-0.04159326,-0.018450167,-0.037718169,-0.017944808,0.052193206,0.027315874,-0.099338482,-0.016644477,0.108813184,0.065382497,-0.192944343,-0.06096053,0.015155155
trainT3.txt_D2AJ70,0.080845535,-0.013433272,0.066787236,-0.00967804,-0.111877051,0.039161984,0.026545934,-0.054423911,-0.010047966,0.031851024,0.033945398,0.047164451,0.067032879,-0.061971882,-0.090436035,0.083301154,0.076179954,-0.188447308,-0.046200394,0.03370031
trainT3.txt_P37131,0.130611429,-0.007560191,0.009975253,-0.051712788,-0.082982747,0.060944679,0.030963681,-0.044235245,-0.067931403,0.015620961,0.018478104,0.046129474,0.074009489,-0.090249377,-0.068614033,0.12156766,0.102838764,-0.201296725,-0.074727461,0.078170474
