#name,A,R,N,D,C,E,Q,G,H,I,L,K,M,F,P,S,T,W,Y,V
id1,0.102134146,0.086890244,0.033536585,0.042682927,0.009146341,0.05945122,0.05945122,0.047256098,0.036585366,0.033536585,0.112804878,0.027439024,0.019817073,0.019817073,0.092987805,0.092987805,0.05945122,0.007621951,0.012195122,0.044207317
id3,0.082051282,0.025641026,0.041025641,0.046153846,0.020512821,0.066666667,0.035897436,0.087179487,0.030769231,0.066666667,0.076923077,0.061538462,0.020512821,0.076923077,0.051282051,0.041025641,0.061538462,0.020512821,0.035897436,0.051282051
id5,0.076612903,0.052419355,0.044354839,0.060483871,0.02016129,0.024193548,0.036290323,0.052419355,0.064516129,0.052419355,0.096774194,0.044354839,0.012096774,0.060483871,0.072580645,0.068548387,0.072580645,0.008064516,0.040322581,0.040322581
id7,0.119863014,0.082191781,0.023972603,0.037671233,0,0.04109589,0.044520548,0.071917808,0.02739726,0.030821918,0.102739726,0.02739726,0.023972603,0.030821918,0.113013699,0.109589041,0.04109589,0.003424658,0.020547945,0.047945205
id9,0.141242938,0.056497175,0.028248588,0.039548023,0.016949153,0.04519774,0.033898305,0.056497175,0.028248588,0.005649718,0.107344633,0.04519774,0.016949153,0.039548023,0.050847458,0.124293785,0.062146893,0,0.028248588,0.073446328
id11,0.159482759,0.079741379,0.015086207,0.07112069,0,0.040948276,0.051724138,0.0625,0.028017241,0.032327586,0.112068966,0.030172414,0.021551724,0.025862069,0.088362069,0.032327586,0.058189655,0.006465517,0.017241379,0.066810345
id13,0.042105263,0.049122807,0.063157895,0.063157895,0.010526316,0.052631579,0.024561404,0.101754386,0.007017544,0.066666667,0.073684211,0.066666667,0.010526316,0.038596491,0.035087719,0.094736842,0.066666667,0.010526316,0.052631579,0.070175439
id15,0.08984375,0.0234375,0.060546875,0.087890625,0,0.029296875,0.04296875,0.107421875,0.0234375,0.033203125,0.044921875,0.052734375,0.025390625,0.02734375,0.072265625,0.052734375,0.091796875,0.01171875,0.01953125,0.103515625
id17,0.091666667,0.025,0.066666667,0.025,0.008333333,0.054166667,0.05,0.0375,0.033333333,0.083333333,0.070833333,0.091666667,0.020833333,0.054166667,0.058333333,0.0875,0.075,0,0.033333333,0.033333333
id19,0.084615385,0.041025641,0.051282051,0.038461538,0.002564103,0.082051282,0.082051282,0.053846154,0.017948718,0.043589744,0.120512821,0.048717949,0.028205128,0.041025641,0.033333333,0.069230769,0.061538462,0.005128205,0.043589744,0.051282051
id21,0.08583691,0.025751073,0.034334764,0.064377682,0.008583691,0.111587983,0.042918455,0.025751073,0.008583691,0.08583691,0.098712446,0.107296137,0.004291845,0.034334764,0.0472103,0.098712446,0.0472103,0.004291845,0.008583691,0.055793991
id23,0.214285714,0.142857143,0.071428571,0,0,0,0,0,0,0.142857143,0,0.071428571,0.142857143,0.142857143,0,0,0.071428571,0,0,0
id25,0.159292035,0,0.079646018,0.044247788,0,0.026548673,0.061946903,0.10619469,0,0.044247788,0.088495575,0.097345133,0.03539823,0.008849558,0,0.088495575,0.088495575,0,0.008849558,0.061946903
id27,0.100686499,0.118993135,0.034324943,0.052631579,0.004576659,0.059496568,0.077803204,0.041189931,0.020594966,0.027459954,0.080091533,0.027459954,0.032036613,0.006864989,0.102974828,0.077803204,0.061784897,0.006864989,0.022883295,0.043478261
id29,0.173515982,0.093607306,0.011415525,0.03196347,0.002283105,0.079908676,0.025114155,0.089041096,0.01826484,0.02739726,0.098173516,0.011415525,0.034246575,0.015981735,0.050228311,0.054794521,0.043378995,0.015981735,0.00913242,0.114155251
id31,0.051724138,0.043103448,0.074712644,0.063218391,0.011494253,0.051724138,0.031609195,0.066091954,0.037356322,0.091954023,0.103448276,0.066091954,0.017241379,0.048850575,0.045977011,0.074712644,0.040229885,0.011494253,0.040229885,0.028735632
id33,0.054545455,0.032727273,0.092727273,0.06,0.007272727,0.109090909,0.029090909,0.009090909,0.018181818,0.018181818,0.205454545,0.041818182,0.009090909,0.023636364,0.098181818,0.090909091,0.030909091,0.003636364,0.025454545,0.04
id35,0.088495575,0.026548673,0.03539823,0.097345133,0,0.053097345,0.053097345,0.079646018,0.017699115,0.044247788,0.115044248,0.088495575,0.017699115,0.026548673,0.053097345,0.044247788,0.097345133,0.008849558,0.017699115,0.03539823
id37,0.123809524,0.047619048,0.047619048,0.052380952,0.019047619,0.085714286,0.019047619,0.061904762,0.028571429,0.061904762,0.080952381,0.047619048,0.028571429,0.033333333,0.033333333,0.038095238,0.052380952,0.004761905,0.076190476,0.057142857
id39,0.106571936,0.042628774,0.042628774,0.040852575,0.007104796,0.069271758,0.053285968,0.030195382,0.03374778,0.060390764,0.143872114,0.069271758,0.019538188,0.031971581,0.035523979,0.090586146,0.044404973,0.007104796,0.030195382,0.040852575
id41,0.048076923,0.043269231,0.086538462,0.057692308,0.009615385,0.043269231,0.048076923,0.019230769,0.009615385,0.096153846,0.081730769,0.100961538,0.028846154,0.048076923,0.028846154,0.120192308,0.043269231,0.004807692,0.019230769,0.0625
id43,0.047619048,0.027210884,0.068027211,0.040816327,0.006802721,0.068027211,0.047619048,0.068027211,0.020408163,0.054421769,0.170068027,0.040816327,0.020408163,0.040816327,0.034013605,0.088435374,0.047619048,0.006802721,0.047619048,0.054421769
id45,0.096296296,0.040740741,0.048148148,0.044444444,0.033333333,0.077777778,0.033333333,0.07037037,0.014814815,0.037037037,0.162962963,0.092592593,0.007407407,0.022222222,0.025925926,0.07037037,0.025925926,0.003703704,0.025925926,0.066666667
id47,0.1,0.068421053,0.039473684,0.057894737,0.002631579,0.057894737,0.063157895,0.071052632,0.031578947,0.055263158,0.078947368,0.073684211,0.028947368,0.026315789,0.042105263,0.084210526,0.05,0.002631579,0.023684211,0.042105263
id49,0.083333333,0.027777778,0.097222222,0.055555556,0.013888889,0.138888889,0,0,0.027777778,0.208333333,0.069444444,0.138888889,0.041666667,0.013888889,0.013888889,0,0.041666667,0,0.013888889,0.013888889
id51,0.149425287,0.107279693,0.022988506,0.053639847,0.007662835,0.061302682,0.0651341,0.076628352,0.019157088,0.038314176,0.057471264,0.034482759,0.011494253,0.045977011,0.053639847,0.034482759,0.072796935,0,0.030651341,0.057471264
id53,0.112359551,0.056179775,0.04494382,0.06741573,0.018726592,0.052434457,0.048689139,0.071161049,0.048689139,0.041198502,0.086142322,0.02247191,0.014981273,0.037453184,0.04494382,0.116104869,0.037453184,0.003745318,0.014981273,0.059925094
id55,0.1545961,0.055710306,0.032033426,0.04735376,0.001392758,0.052924791,0.051532033,0.079387187,0.02367688,0.027855153,0.097493036,0.037604457,0.029247911,0.02367688,0.059888579,0.079387187,0.059888579,0.001392758,0.012534819,0.072423398
id57,0.20855615,0.13368984,0.026737968,0.069518717,0.005347594,0.026737968,0.026737968,0.080213904,0.032085561,0.058823529,0.069518717,0.005347594,0.016042781,0.005347594,0.037433155,0.053475936,0.021390374,0.010695187,0.048128342,0.064171123
id59,0.116883117,0.025974026,0.054112554,0.051948052,0.006493506,0.056277056,0.041125541,0.082251082,0.032467532,0.067099567,0.073593074,0.036796537,0.015151515,0.032467532,0.073593074,0.058441558,0.08008658,0.017316017,0.017316017,0.060606061
id61,0.068965517,0.022988506,0.017241379,0.034482759,0.022988506,0.097701149,0.034482759,0.017241379,0.045977011,0.068965517,0.224137931,0.068965517,0.005747126,0.022988506,0.063218391,0.086206897,0.022988506,0.005747126,0.022988506,0.045977011
id63,0.144268775,0.049407115,0.031620553,0.055335968,0.005928854,0.067193676,0.06916996,0.084980237,0.015810277,0.061264822,0.07312253,0.065217391,0.029644269,0.019762846,0.031620553,0.057312253,0.053359684,0.001976285,0.005928854,0.077075099
id65,0.070351759,0.052763819,0.065326633,0.050251256,0.015075377,0.067839196,0.037688442,0.045226131,0.022613065,0.060301508,0.108040201,0.032663317,0.032663317,0.027638191,0.050251256,0.115577889,0.067839196,0.005025126,0.022613065,0.050251256
id67,0.053061224,0.051020408,0.018367347,0.044897959,0.028571429,0.073469388,0.063265306,0.048979592,0.032653061,0.069387755,0.112244898,0.055102041,0.02244898,0.040816327,0.044897959,0.097959184,0.034693878,0.012244898,0.040816327,0.055102041
id69,0.08974359,0.041025641,0.035897436,0.033333333,0.005128205,0.11025641,0.084615385,0.056410256,0.007692308,0.069230769,0.11025641,0.051282051,0.015384615,0.020512821,0.046153846,0.076923077,0.074358974,0.005128205,0.002564103,0.064102564
id71,0.236421725,0.089456869,0.003194888,0.051118211,0,0.057507987,0.079872204,0.099041534,0.009584665,0.028753994,0.067092652,0.015974441,0.03514377,0.015974441,0.044728435,0.076677316,0.03514377,0,0.003194888,0.051118211
id73,0.071960298,0.009925558,0.074441687,0.062034739,0,0.019851117,0.064516129,0.225806452,0.00248139,0.027295285,0.104218362,0.047146402,0.062034739,0.014888337,0.022332506,0.101736973,0.05955335,0.00248139,0.009925558,0.017369727
id75,0.070422535,0.056338028,0.021126761,0.042253521,0.014084507,0.091549296,0.063380282,0.056338028,0.021126761,0.063380282,0.126760563,0.049295775,0.028169014,0.035211268,0.035211268,0.049295775,0.028169014,0.014084507,0.021126761,0.112676056
id77,0.083378747,0.052861035,0.064850136,0.053405995,0.002179837,0.056675749,0.061035422,0.073024523,0.034332425,0.044686649,0.100817439,0.056675749,0.020708447,0.033787466,0.05013624,0.086103542,0.062125341,0.005449591,0.013079019,0.044686649
id79,0.076372315,0.025059666,0.069212411,0.057279236,0.00477327,0.058472554,0.075178998,0.048926014,0.008353222,0.062052506,0.106205251,0.050119332,0.021479714,0.050119332,0.031026253,0.089498807,0.072792363,0.00477327,0.029832936,0.058472554
id81,0.135667396,0.074398249,0.006564551,0.052516411,0,0.078774617,0.072210066,0.111597374,0.024070022,0.030634573,0.124726477,0.032822757,0.01750547,0.01750547,0.032822757,0.070021882,0.04595186,0.004376368,0.013129103,0.054704595
id83,0.096654275,0.055762082,0.048327138,0.05204461,0.011152416,0.048327138,0.048327138,0.066914498,0.026022305,0.033457249,0.118959108,0.05204461,0.026022305,0.044609665,0.05204461,0.081784387,0.063197026,0.007434944,0.018587361,0.048327138
id85,0.160305344,0.022900763,0.030534351,0.049618321,0.030534351,0.034351145,0.049618321,0.057251908,0.019083969,0.076335878,0.110687023,0.015267176,0.022900763,0.015267176,0.080152672,0.099236641,0.041984733,0,0.019083969,0.064885496
id87,0.113636364,0.022727273,0.037878788,0.03030303,0.068181818,0.03030303,0.037878788,0.098484848,0.015151515,0.060606061,0.143939394,0.053030303,0.007575758,0.037878788,0.037878788,0.053030303,0.045454545,0,0,0.106060606
id89,0.105660377,0.033962264,0.033962264,0.047169811,0.009433962,0.067924528,0.045283019,0.039622642,0.009433962,0.045283019,0.101886792,0.083018868,0.016981132,0.032075472,0.056603774,0.145283019,0.066037736,0.001886792,0.013207547,0.045283019
id91,0.06547619,0.044642857,0.038690476,0.053571429,0.017857143,0.074404762,0.041666667,0.038690476,0.023809524,0.071428571,0.098214286,0.074404762,0.029761905,0.047619048,0.053571429,0.074404762,0.0625,0.011904762,0.035714286,0.041666667
id93,0.111340206,0.06185567,0.063917526,0.018556701,0,0.055670103,0.092783505,0.022680412,0.057731959,0.04742268,0.06185567,0.012371134,0.037113402,0.010309278,0.18556701,0.063917526,0.035051546,0.016494845,0.004123711,0.041237113
id95,0.104529617,0.059233449,0.059233449,0.076655052,0.003484321,0.048780488,0.055749129,0.055749129,0.031358885,0.045296167,0.066202091,0.052264808,0.038327526,0.013937282,0.066202091,0.12195122,0.052264808,0.006968641,0.006968641,0.034843206
id97,0.090140845,0.036619718,0.036619718,0.047887324,0.008450704,0.090140845,0.064788732,0.03943662,0.01971831,0.067605634,0.107042254,0.050704225,0.022535211,0.033802817,0.028169014,0.098591549,0.078873239,0,0.005633803,0.073239437
id99,0.114285714,0.042857143,0.074285714,0.057142857,0.037142857,0.065714286,0.028571429,0.08,0.014285714,0.051428571,0.111428571,0.025714286,0.042857143,0.04,0.02,0.074285714,0.085714286,0,0.008571429,0.025714286
id101,0.097378277,0.064918851,0.033707865,0.06741573,0.009987516,0.058676654,0.069912609,0.059925094,0.028714107,0.039950062,0.086142322,0.042446941,0.02247191,0.028714107,0.069912609,0.082397004,0.051186017,0.009987516,0.033707865,0.042446941
id103,0.14953271,0.07165109,0.021806854,0.040498442,0.00623053,0.040498442,0.059190031,0.08411215,0.043613707,0.028037383,0.087227414,0.028037383,0.021806854,0.046728972,0.052959502,0.096573209,0.043613707,0.00623053,0.021806854,0.049844237
id105,0.07120743,0.043343653,0.068111455,0.061919505,0.012383901,0.046439628,0.07120743,0.095975232,0.021671827,0.052631579,0.083591331,0.037151703,0.021671827,0.024767802,0.043343653,0.083591331,0.086687307,0.003095975,0.021671827,0.049535604
id107,0.097323601,0.072992701,0.070559611,0.03892944,0.00729927,0.063260341,0.055961071,0.063260341,0.03892944,0.04622871,0.082725061,0.068126521,0.02919708,0.02919708,0.058394161,0.072992701,0.0486618,0,0.02189781,0.03406326
id109,0.1275,0.1025,0.025,0.0525,0.015,0.045,0.0425,0.0775,0.03,0.035,0.0825,0.02,0.015,0.0125,0.08,0.0775,0.065,0.015,0.0275,0.0525
id111,0.046728972,0.035046729,0.051401869,0.039719626,0.018691589,0.079439252,0.039719626,0.098130841,0.028037383,0.070093458,0.091121495,0.08411215,0.011682243,0.03271028,0.037383178,0.049065421,0.060747664,0.014018692,0.077102804,0.035046729
id113,0.074561404,0.078947368,0.052631579,0.074561404,0.004385965,0.057017544,0.026315789,0.087719298,0.021929825,0.026315789,0.052631579,0.039473684,0.035087719,0.039473684,0.043859649,0.140350877,0.074561404,0.004385965,0.026315789,0.039473684
id115,0.097560976,0.043554007,0.06445993,0.052264808,0,0.059233449,0.050522648,0.109756098,0.017421603,0.034843206,0.071428571,0.036585366,0.013937282,0.013937282,0.057491289,0.102787456,0.102787456,0.00174216,0.010452962,0.059233449
id117,0.103225806,0.064516129,0.035483871,0.116129032,0,0.032258065,0.051612903,0.077419355,0.012903226,0.061290323,0.093548387,0.058064516,0.029032258,0.019354839,0.035483871,0.048387097,0.058064516,0.012903226,0.019354839,0.070967742
id119,0.073664825,0.036832413,0.069981584,0.044198895,0.012891344,0.053406998,0.066298343,0.064456722,0.018416206,0.040515654,0.103130755,0.081031308,0.036832413,0.023941068,0.042357274,0.073664825,0.064456722,0.007366483,0.020257827,0.066298343
id121,0.070110701,0.073800738,0.022140221,0.029520295,0.007380074,0.084870849,0.033210332,0.029520295,0.018450185,0.044280443,0.121771218,0.05904059,0.011070111,0.129151292,0.05904059,0.062730627,0.040590406,0.029520295,0.022140221,0.051660517
id123,0.128590971,0.054719562,0.056087551,0.045143639,0.008207934,0.062927497,0.053351573,0.073871409,0.021887825,0.041039672,0.084815321,0.047879617,0.024623803,0.039671683,0.045143639,0.075239398,0.068399453,0.005471956,0.01504788,0.047879617
id125,0.079787234,0.042553191,0.095744681,0.071808511,0.002659574,0.074468085,0.053191489,0.031914894,0.005319149,0.087765957,0.074468085,0.114361702,0.013297872,0.042553191,0.013297872,0.074468085,0.045212766,0.007978723,0.039893617,0.029255319
id127,0.152796726,0.064120055,0.039563438,0.04638472,0.004092769,0.051841746,0.058663029,0.062755798,0.024556617,0.039563438,0.10095498,0.04638472,0.020463847,0.016371078,0.04638472,0.092769441,0.061391542,0.005457026,0.009549795,0.055934516
id129,0.11875,0.075,0.025,0.05,0.00625,0.08125,0.0625,0.0375,0.025,0.1,0.08125,0.10625,0.025,0.0375,0.01875,0.075,0.03125,0.01875,0.00625,0.01875
id131,0.088832487,0.058375635,0.045685279,0.039340102,0.013959391,0.083756345,0.03680203,0.057106599,0.019035533,0.032994924,0.14213198,0.029187817,0.020304569,0.029187817,0.062182741,0.083756345,0.069796954,0.020304569,0.020304569,0.046954315
id133,0.179116466,0.076305221,0.016064257,0.02811245,0.004819277,0.05060241,0.055421687,0.071485944,0.023293173,0.035341365,0.112449799,0.02811245,0.004819277,0.017670683,0.080321285,0.073092369,0.045783133,0.007228916,0.019277108,0.070682731
id135,0.130681818,0.017045455,0.022727273,0.022727273,0.039772727,0.039772727,0.045454545,0.056818182,0,0.107954545,0.125,0.039772727,0.005681818,0.017045455,0.056818182,0.096590909,0.085227273,0,0.017045455,0.073863636
id137,0.059259259,0.02962963,0.103703704,0.074074074,0,0.081481481,0.066666667,0.014814815,0.014814815,0.088888889,0.103703704,0.02962963,0.014814815,0.066666667,0.007407407,0.125925926,0.037037037,0.007407407,0.051851852,0.022222222
id139,0.092043682,0.023400936,0.079563183,0.059282371,0.004680187,0.040561622,0.067082683,0.060842434,0.010920437,0.046801872,0.079563183,0.068642746,0.012480499,0.026521061,0.057722309,0.107644306,0.093603744,0.001560062,0.021840874,0.04524181
id141,0.11829653,0.025236593,0.050473186,0.061514196,0.007886435,0.041009464,0.067823344,0.063091483,0.022082019,0.041009464,0.102523659,0.052050473,0.025236593,0.031545741,0.056782334,0.099369085,0.050473186,0.006309148,0.022082019,0.055205047
id143,0.079365079,0.006802721,0.06122449,0.095238095,0,0.047619048,0.056689342,0.149659864,0.01814059,0.020408163,0.06122449,0.052154195,0.015873016,0.027210884,0.034013605,0.090702948,0.106575964,0.002267574,0.006802721,0.068027211
id145,0.076923077,0.054945055,0.025641026,0.036630037,0.007326007,0.06959707,0.051282051,0.032967033,0.014652015,0.073260073,0.153846154,0.058608059,0.014652015,0.04029304,0.043956044,0.124542125,0.065934066,0,0.021978022,0.032967033
id147,0.145882353,0.101176471,0.014117647,0.063529412,0.007058824,0.070588235,0.028235294,0.070588235,0.042352941,0.04,0.063529412,0.028235294,0.030588235,0.021176471,0.084705882,0.049411765,0.054117647,0.011764706,0.016470588,0.056470588
id149,0.082706767,0.052631579,0.082706767,0.007518797,0.037593985,0.022556391,0.037593985,0.090225564,0.052631579,0.07518797,0.082706767,0.052631579,0.015037594,0.037593985,0.037593985,0.135338346,0.015037594,0,0.037593985,0.045112782
id151,0.155210643,0.050997783,0.024390244,0.062084257,0,0.042128603,0.035476718,0.079822616,0.022172949,0.042128603,0.090909091,0.031042129,0.022172949,0.017738359,0.050997783,0.088691796,0.088691796,0.006651885,0.00886918,0.079822616
id153,0.153846154,0.046153846,0.061538462,0.076923077,0,0.107692308,0.015384615,0.076923077,0.030769231,0,0.061538462,0.015384615,0.030769231,0.015384615,0.061538462,0.123076923,0.061538462,0,0.015384615,0.046153846
id155,0.117154812,0.050209205,0.046025105,0.071129707,0.008368201,0.037656904,0.008368201,0.092050209,0.037656904,0.062761506,0.066945607,0.066945607,0.020920502,0.025104603,0.041841004,0.117154812,0.029288703,0.016736402,0.016736402,0.066945607
id157,0.085131894,0.056354916,0.035971223,0.067146283,0.002398082,0.073141487,0.040767386,0.052757794,0.028776978,0.050359712,0.099520384,0.067146283,0.023980815,0.026378897,0.052757794,0.103117506,0.045563549,0.002398082,0.020383693,0.065947242
id159,0.109170306,0.064046579,0.03202329,0.048034934,0,0.072780204,0.056768559,0.084425036,0.017467249,0.03930131,0.122270742,0.040756914,0.023289665,0.03202329,0.050946143,0.084425036,0.049490539,0.005822416,0.00727802,0.059679767
id161,0.15971606,0.084294587,0.02484472,0.056787933,0.004436557,0.041703638,0.039929015,0.081632653,0.034605146,0.028393966,0.088731145,0.032830524,0.019520852,0.030168589,0.056787933,0.064773736,0.057675244,0.011535049,0.017746229,0.063886424
id163,0.096078431,0.092156863,0.043137255,0.066666667,0.015686275,0.035294118,0.033333333,0.103921569,0.025490196,0.062745098,0.076470588,0.029411765,0.01372549,0.025490196,0.043137255,0.076470588,0.056862745,0.021568627,0.015686275,0.066666667
id165,0.04109589,0.02739726,0.106164384,0.071917808,0.006849315,0.078767123,0.034246575,0.051369863,0.02739726,0.089041096,0.068493151,0.099315068,0.020547945,0.04109589,0.023972603,0.119863014,0.023972603,0.003424658,0.02739726,0.037671233
id167,0.053521127,0.047887324,0.056338028,0.078873239,0.005633803,0.087323944,0.030985915,0.03943662,0.014084507,0.081690141,0.118309859,0.067605634,0.022535211,0.045070423,0.016901408,0.115492958,0.042253521,0.002816901,0.028169014,0.045070423
id169,0.15682968,0.023608769,0.043844857,0.038785835,0.001686341,0.072512648,0.065767285,0.077571669,0.001686341,0.043844857,0.097807757,0.086003373,0.037099494,0.02698145,0.013490725,0.062394604,0.062394604,0.003372681,0.006745363,0.077571669
id171,0.036082474,0.056701031,0.041237113,0.046391753,0.025773196,0.072164948,0.046391753,0.082474227,0.015463918,0.06185567,0.077319588,0.036082474,0.030927835,0.041237113,0.056701031,0.118556701,0.051546392,0,0.010309278,0.092783505
id173,0.087221095,0.038539554,0.070993915,0.058823529,0.014198783,0.052738337,0.036511156,0.060851927,0.026369168,0.048681542,0.095334686,0.087221095,0.020283976,0.038539554,0.030425963,0.089249493,0.064908722,0.002028398,0.040567951,0.036511156
id175,0.081818182,0.057575758,0.063636364,0.072727273,0.009090909,0.087878788,0.042424242,0.057575758,0.036363636,0.075757576,0.066666667,0.021212121,0.012121212,0.039393939,0.051515152,0.084848485,0.03030303,0.006060606,0.051515152,0.051515152
id177,0.075471698,0.056603774,0.025157233,0.050314465,0,0.075471698,0.025157233,0.06918239,0.025157233,0.075471698,0.075471698,0.062893082,0.037735849,0.044025157,0.050314465,0.050314465,0.062893082,0.018867925,0.031446541,0.088050314
id179,0.120133482,0.064516129,0.0378198,0.050055617,0.005561735,0.065628476,0.057842047,0.064516129,0.023359288,0.042269188,0.117908788,0.0378198,0.0189099,0.041156841,0.046718576,0.057842047,0.052280311,0.015572859,0.0189099,0.061179088
id181,0.142857143,0.057142857,0.028571429,0.114285714,0,0.028571429,0.028571429,0,0.057142857,0.057142857,0.057142857,0.028571429,0.028571429,0.028571429,0.085714286,0.114285714,0.057142857,0,0.028571429,0.057142857
id183,0.097883598,0.095238095,0.031746032,0.068783069,0.013227513,0.058201058,0.044973545,0.097883598,0.029100529,0.029100529,0.084656085,0.029100529,0.023809524,0.047619048,0.052910053,0.047619048,0.044973545,0.005291005,0.021164021,0.076719577
id185,0.072607261,0.0330033,0.056105611,0.056105611,0.04620462,0.075907591,0.052805281,0.02640264,0.02310231,0.072607261,0.105610561,0.056105611,0.01980198,0.04620462,0.02310231,0.092409241,0.04950495,0.00660066,0.04290429,0.04290429
id187,0.133603239,0.052631579,0.018218623,0.01417004,0.004048583,0.030364372,0.028340081,0.074898785,0.010121457,0.052631579,0.153846154,0.016194332,0.044534413,0.056680162,0.04048583,0.072874494,0.050607287,0.022267206,0.022267206,0.101214575
id189,0.094318182,0.029545455,0.047727273,0.060227273,0.003409091,0.054545455,0.045454545,0.111363636,0.015909091,0.031818182,0.061363636,0.032954545,0.0125,0.015909091,0.064772727,0.1,0.131818182,0.006818182,0.0125,0.067045455
id191,0.072607261,0.072607261,0.03960396,0.02640264,0.01320132,0.102310231,0.03630363,0.089108911,0.02970297,0.04290429,0.138613861,0.02640264,0.02310231,0.01650165,0.056105611,0.04950495,0.04950495,0.02970297,0.01320132,0.072607261
id193,0.082910321,0.050761421,0.050761421,0.062605753,0.008460237,0.052453469,0.033840948,0.074450085,0.020304569,0.045685279,0.104906937,0.037225042,0.020304569,0.035532995,0.067681895,0.084602369,0.055837563,0.015228426,0.049069374,0.047377327
id195,0.097387173,0.03087886,0.045130641,0.06175772,0.007125891,0.073634204,0.049881235,0.052256532,0.014251781,0.038004751,0.095011876,0.064133017,0.016627078,0.040380048,0.071258907,0.123515439,0.066508314,0,0.011876485,0.040380048
id197,0.028213166,0.056426332,0.068965517,0.068965517,0.02507837,0.106583072,0.034482759,0.037617555,0.02507837,0.056426332,0.106583072,0.07523511,0.040752351,0.05015674,0.018808777,0.053291536,0.043887147,0.009404389,0.040752351,0.053291536
id199,0.095703125,0.07421875,0.040039063,0.041992188,0.00390625,0.0546875,0.05078125,0.068359375,0.026367188,0.024414063,0.157226563,0.041992188,0.017578125,0.022460938,0.071289063,0.094726563,0.060546875,0.004882813,0.006835938,0.041992188
id201,0.101190476,0.011904762,0.119047619,0.011904762,0,0.035714286,0.130952381,0.029761905,0.011904762,0.083333333,0.095238095,0.017857143,0.011904762,0.017857143,0.029761905,0.095238095,0.071428571,0.005952381,0.035714286,0.083333333
id203,0.048859935,0.052117264,0.042345277,0.039087948,0.009771987,0.071661238,0.048859935,0.058631922,0.022801303,0.039087948,0.201954397,0.022801303,0.006514658,0.03257329,0.06514658,0.081433225,0.058631922,0.022801303,0.019543974,0.055374593
id205,0.04859335,0.028132992,0.071611253,0.066496164,0.028132992,0.058823529,0.029411765,0.060102302,0.015345269,0.062659847,0.115089514,0.043478261,0.034526854,0.044757033,0.037084399,0.118925831,0.033248082,0.012787724,0.042199488,0.04859335
id207,0.109819121,0.071059432,0.031007752,0.064599483,0.010335917,0.056847545,0.047803618,0.07751938,0.023255814,0.028423773,0.099483204,0.055555556,0.015503876,0.027131783,0.056847545,0.082687339,0.055555556,0.006459948,0.020671835,0.059431525
id209,0.102112676,0.070422535,0.042253521,0.056338028,0.024647887,0.049295775,0.038732394,0.070422535,0.035211268,0.038732394,0.070422535,0.031690141,0.021126761,0.035211268,0.038732394,0.102112676,0.066901408,0.007042254,0.028169014,0.070422535
id211,0.076804916,0.073732719,0.019969278,0.056835637,0.015360983,0.141321045,0.0906298,0.036866359,0.013824885,0.046082949,0.132104455,0.070660522,0.021505376,0.026113671,0.024577573,0.047619048,0.030721966,0.00921659,0.01843318,0.047619048
id213,0.156410256,0.023076923,0.052564103,0.075641026,0.002564103,0.041025641,0.064102564,0.08974359,0.012820513,0.035897436,0.076923077,0.073076923,0.026923077,0.020512821,0.055128205,0.074358974,0.044871795,0.006410256,0.011538462,0.056410256
id215,0.138099106,0.078797725,0.030869212,0.054427295,0.004874086,0.047116166,0.043866775,0.096669374,0.028432169,0.029244517,0.083671812,0.043866775,0.028432169,0.025182778,0.057676686,0.068237206,0.069049553,0.008123477,0.012185215,0.051177904
id217,0.131147541,0.088114754,0.057377049,0.043032787,0,0.053278689,0.055327869,0.05942623,0.014344262,0.018442623,0.053278689,0.06352459,0.022540984,0.016393443,0.151639344,0.075819672,0.045081967,0.004098361,0.012295082,0.034836066
id219,0.201923077,0.044871795,0.022435897,0.067307692,0.006410256,0.051282051,0.070512821,0.072115385,0.006410256,0.030448718,0.099358974,0.065705128,0.036858974,0.016025641,0.017628205,0.067307692,0.043269231,0.004807692,0.009615385,0.065705128
id221,0.069651741,0.064676617,0.049751244,0.099502488,0.014925373,0.039800995,0.029850746,0.049751244,0.049751244,0.099502488,0.074626866,0.069651741,0.019900498,0.019900498,0.049751244,0.07960199,0.034825871,0,0.024875622,0.059701493
id223,0.042857143,0.05,0.071428571,0.075,0.010714286,0.035714286,0.032142857,0.089285714,0.021428571,0.064285714,0.067857143,0.046428571,0.014285714,0.053571429,0.046428571,0.071428571,0.092857143,0.010714286,0.053571429,0.05
id225,0.118067979,0.032200358,0.076923077,0.055456172,0,0.02862254,0.046511628,0.094812165,0.019677996,0.037567084,0.071556351,0.055456172,0.012522361,0.02862254,0.060822898,0.105545617,0.067978533,0.001788909,0.035778175,0.050089445
id227,0.182572614,0.12033195,0.024896266,0.029045643,0,0.066390041,0.041493776,0.10373444,0.012448133,0.024896266,0.082987552,0.029045643,0.024896266,0.049792531,0.062240664,0.049792531,0.020746888,0.012448133,0.024896266,0.037344398
id229,0.047619048,0.068783069,0.058201058,0.052910053,0.037037037,0.052910053,0.058201058,0.052910053,0.021164021,0.063492063,0.063492063,0.058201058,0.037037037,0.079365079,0.015873016,0.095238095,0.052910053,0.005291005,0.015873016,0.063492063
id231,0.081023454,0.059701493,0.046908316,0.074626866,0.008528785,0.0554371,0.036247335,0.08315565,0.036247335,0.040511727,0.115138593,0.057569296,0.029850746,0.034115139,0.042643923,0.070362473,0.042643923,0.004264392,0.017057569,0.063965885
id233,0.116923077,0.027692308,0.067692308,0.049230769,0.009230769,0.033846154,0.073846154,0.064615385,0.027692308,0.04,0.070769231,0.086153846,0.024615385,0.033846154,0.043076923,0.089230769,0.061538462,0.009230769,0.012307692,0.058461538
id235,0.061827957,0.024193548,0.075268817,0.048387097,0.018817204,0.037634409,0.043010753,0.075268817,0.010752688,0.040322581,0.080645161,0.123655914,0.016129032,0.040322581,0.034946237,0.107526882,0.056451613,0.002688172,0.021505376,0.080645161
id237,0.12244898,0.06122449,0.020408163,0.081632653,0,0.06122449,0.040816327,0.163265306,0.030612245,0.040816327,0.051020408,0.010204082,0.040816327,0.010204082,0.051020408,0.112244898,0.040816327,0,0,0.06122449
id239,0.079681275,0.03187251,0.027888446,0.071713147,0.015936255,0.09561753,0.023904382,0.043824701,0.027888446,0.107569721,0.123505976,0.039840637,0.023904382,0.035856574,0.055776892,0.051792829,0.047808765,0.007968127,0.039840637,0.047808765
id241,0.078947368,0.041353383,0.071428571,0.033834586,0.007518797,0.056390977,0.101503759,0.04887218,0.007518797,0.07518797,0.105263158,0.030075188,0.007518797,0.022556391,0.041353383,0.135338346,0.060150376,0,0.018796992,0.056390977
id243,0.082706767,0.030075188,0.037593985,0.045112782,0.015037594,0.067669173,0.015037594,0.07518797,0.045112782,0.097744361,0.135338346,0.037593985,0.022556391,0.030075188,0.037593985,0.090225564,0.045112782,0.015037594,0.037593985,0.037593985
id245,0.060606061,0.036363636,0.042424242,0.036363636,0,0.078787879,0.072727273,0.036363636,0.024242424,0.048484848,0.151515152,0.042424242,0.024242424,0.018181818,0.054545455,0.115151515,0.048484848,0.012121212,0.018181818,0.078787879
id247,0.117015841,0.075625958,0.032703117,0.056208482,0.001021972,0.05518651,0.053653551,0.087378641,0.031170158,0.033214103,0.118037813,0.026060296,0.017884517,0.023505365,0.054675524,0.079202862,0.050587634,0.010219724,0.011241696,0.065406234
id249,0.06741573,0.116104869,0.041198502,0.06741573,0.003745318,0.04494382,0.048689139,0.086142322,0.037453184,0.033707865,0.033707865,0.007490637,0.014981273,0.026217228,0.071161049,0.157303371,0.037453184,0.011235955,0.04494382,0.048689139
id251,0.051020408,0.035714286,0.071428571,0.076530612,0.005102041,0.076530612,0.035714286,0.051020408,0.010204082,0.102040816,0.107142857,0.051020408,0.025510204,0.040816327,0.035714286,0.066326531,0.051020408,0.005102041,0.071428571,0.030612245
id253,0.137254902,0.078431373,0.035014006,0.070028011,0.00140056,0.051820728,0.051820728,0.06442577,0.035014006,0.029411765,0.093837535,0.039215686,0.026610644,0.030812325,0.065826331,0.047619048,0.047619048,0.004201681,0.028011204,0.06162465
id255,0.086309524,0.043154762,0.086309524,0.049107143,0.004464286,0.075892857,0.049107143,0.0625,0.025297619,0.041666667,0.055059524,0.044642857,0.022321429,0.023809524,0.063988095,0.102678571,0.074404762,0.005952381,0.013392857,0.069940476
id257,0.088082902,0.051813472,0.03626943,0.062176166,0,0.062176166,0.113989637,0.103626943,0.025906736,0.062176166,0.077720207,0.041450777,0.031088083,0.020725389,0.010362694,0.067357513,0.062176166,0,0.025906736,0.056994819
id259,0.05106383,0.046808511,0.055319149,0.046808511,0.025531915,0.076595745,0.038297872,0.055319149,0.055319149,0.046808511,0.140425532,0.042553191,0.012765957,0.038297872,0.042553191,0.09787234,0.059574468,0.004255319,0.012765957,0.05106383
id261,0.097560976,0.063414634,0.063414634,0.048780488,0,0.058536585,0.073170732,0.082926829,0,0.034146341,0.082926829,0.043902439,0.058536585,0.014634146,0.034146341,0.063414634,0.092682927,0.004878049,0.014634146,0.068292683
id263,0.135143979,0.078861257,0.032722513,0.051374346,0.009816754,0.068717277,0.044502618,0.073625654,0.023560209,0.03632199,0.096531414,0.043848168,0.013089005,0.028795812,0.060863874,0.070026178,0.045157068,0.010798429,0.014725131,0.061518325
id265,0.027027027,0.074324324,0.02027027,0.108108108,0,0.168918919,0.027027027,0.054054054,0.013513514,0.060810811,0.101351351,0.067567568,0.013513514,0.013513514,0.047297297,0.081081081,0.040540541,0.02027027,0.02027027,0.040540541
id267,0.084870849,0.081180812,0.029520295,0.088560886,0.014760148,0.092250923,0.055350554,0.04797048,0.029520295,0.029520295,0.055350554,0.040590406,0.033210332,0.04797048,0.044280443,0.077490775,0.055350554,0.014760148,0.036900369,0.040590406
id269,0.146484375,0.056640625,0.01953125,0.046875,0.00390625,0.05859375,0.08203125,0.091796875,0.021484375,0.02734375,0.12890625,0.03125,0.021484375,0.013671875,0.03515625,0.0859375,0.060546875,0.005859375,0.0078125,0.0546875
id271,0.193317422,0.07875895,0.023866348,0.071599045,0,0.059665871,0.081145585,0.081145585,0.035799523,0.031026253,0.064439141,0.054892601,0.040572792,0.009546539,0.019093079,0.064439141,0.035799523,0,0,0.054892601
id273,0.160228898,0.055793991,0.028612303,0.04434907,0.008583691,0.048640916,0.068669528,0.058655222,0.027181688,0.027181688,0.110157368,0.022889843,0.031473534,0.021459227,0.064377682,0.08583691,0.072961373,0.005722461,0.011444921,0.045779685
id275,0.122222222,0.083333333,0.061111111,0.055555556,0,0.05,0.033333333,0.094444444,0.011111111,0.033333333,0.066666667,0.038888889,0.038888889,0.038888889,0.022222222,0.111111111,0.05,0.005555556,0.022222222,0.061111111
id277,0.127906977,0,0.110465116,0.055232558,0,0.020348837,0.119186047,0.209302326,0.002906977,0.029069767,0.078488372,0.043604651,0.029069767,0,0.037790698,0.066860465,0.023255814,0,0,0.046511628
id279,0.14159292,0.044247788,0.053097345,0.07079646,0.008849558,0.07079646,0.03539823,0.115044248,0.026548673,0.017699115,0.123893805,0.03539823,0.017699115,0.044247788,0.026548673,0.061946903,0.053097345,0,0.026548673,0.026548673
id281,0.123486683,0.055690073,0.033898305,0.060532688,0.007263923,0.036319613,0.062953995,0.065375303,0.014527845,0.055690073,0.094430993,0.031476998,0.026634383,0.024213075,0.043583535,0.079903148,0.070217918,0.021791768,0.03874092,0.053268765
id283,0.08627451,0.058823529,0.031372549,0.050980392,0.007843137,0.066666667,0.031372549,0.078431373,0.047058824,0.02745098,0.08627451,0.050980392,0.023529412,0.035294118,0.070588235,0.094117647,0.054901961,0.019607843,0.023529412,0.054901961
id285,0.107692308,0.035897436,0.025641026,0.035897436,0,0.061538462,0.066666667,0.107692308,0.005128205,0.061538462,0.123076923,0.041025641,0.061538462,0.01025641,0.025641026,0.076923077,0.066666667,0.01025641,0.01025641,0.066666667
id287,0.037037037,0.088888889,0.074074074,0.022222222,0.007407407,0.074074074,0.014814815,0.051851852,0.014814815,0.103703704,0.066666667,0.081481481,0.022222222,0.02962963,0.02962963,0.103703704,0.02962963,0.022222222,0.059259259,0.066666667
id289,0.122093023,0.072674419,0.029069767,0.061046512,0.007267442,0.056686047,0.039244186,0.084302326,0.018895349,0.033430233,0.103197674,0.018895349,0.034883721,0.040697674,0.063953488,0.075581395,0.056686047,0.005813953,0.01744186,0.058139535
id291,0.058704453,0.038461538,0.093117409,0.050607287,0.008097166,0.056680162,0.034412955,0.04048583,0.026315789,0.074898785,0.109311741,0.099190283,0.01417004,0.04048583,0.030364372,0.087044534,0.05465587,0.006072874,0.044534413,0.032388664
id293,0.050691244,0.046082949,0.087557604,0.046082949,0.00921659,0.050691244,0.02764977,0.036866359,0.00921659,0.096774194,0.092165899,0.105990783,0.023041475,0.032258065,0.041474654,0.082949309,0.078341014,0.00921659,0.02764977,0.046082949
id295,0.057591623,0.104712042,0.047120419,0.041884817,0.020942408,0.068062827,0.010471204,0.09947644,0.041884817,0.062827225,0.09947644,0.015706806,0.031413613,0.02617801,0.041884817,0.083769634,0.041884817,0.005235602,0.020942408,0.078534031
id297,0.112469438,0.029339853,0.075794621,0.041564792,0,0.048899756,0.061124694,0.06601467,0.009779951,0.058679707,0.097799511,0.068459658,0.036674817,0.009779951,0.014669927,0.136919315,0.075794621,0,0.007334963,0.048899756
id299,0.094623656,0.032258065,0.053763441,0.08172043,0,0.049462366,0.030107527,0.105376344,0.012903226,0.049462366,0.066666667,0.015053763,0.025806452,0.043010753,0.034408602,0.092473118,0.08172043,0.027956989,0.04516129,0.058064516
id301,0.084577114,0.022885572,0.071641791,0.07761194,0.0039801,0.043781095,0.028855721,0.117412935,0.006965174,0.047761194,0.048756219,0.033830846,0.008955224,0.017910448,0.050746269,0.142288557,0.109452736,0.005970149,0.020895522,0.055721393
id303,0.056910569,0.044715447,0.044715447,0.056910569,0.020325203,0.06097561,0.028455285,0.040650407,0.016260163,0.048780488,0.138211382,0.097560976,0.008130081,0.048780488,0.06504065,0.097560976,0.044715447,0,0.036585366,0.044715447
id305,0.047520661,0.033057851,0.103305785,0.068181818,0.006198347,0.049586777,0.033057851,0.037190083,0.04338843,0.082644628,0.082644628,0.095041322,0.022727273,0.059917355,0.024793388,0.088842975,0.035123967,0,0.037190083,0.049586777
id307,0.053254438,0.041420118,0.071005917,0.094674556,0,0.071005917,0.017751479,0.023668639,0.00591716,0.112426036,0.106508876,0.118343195,0.01183432,0.065088757,0.017751479,0.082840237,0.023668639,0,0.053254438,0.029585799
id309,0.0330033,0.052805281,0.075907591,0.059405941,0.01320132,0.059405941,0.02970297,0.062706271,0.02310231,0.059405941,0.072607261,0.04290429,0.02640264,0.02310231,0.052805281,0.115511551,0.062706271,0.00990099,0.03630363,0.089108911
id311,0.071090047,0.071090047,0.061611374,0.052132701,0.014218009,0.061611374,0.056872038,0.056872038,0.033175355,0.052132701,0.075829384,0.052132701,0.033175355,0.023696682,0.018957346,0.075829384,0.08056872,0.014218009,0.037914692,0.056872038
id313,0.038461538,0.032967033,0.065934066,0.076923077,0.038461538,0.076923077,0.021978022,0.043956044,0.016483516,0.093406593,0.10989011,0.071428571,0.021978022,0.032967033,0.021978022,0.087912088,0.043956044,0.010989011,0.049450549,0.043956044
id315,0.105128205,0.061538462,0.023076923,0.058974359,0.007692308,0.051282051,0.043589744,0.076923077,0.041025641,0.041025641,0.084615385,0.071794872,0.023076923,0.043589744,0.076923077,0.053846154,0.043589744,0.012820513,0.020512821,0.058974359
id317,0.095652174,0.014492754,0.057971014,0.075362319,0,0.046376812,0.07826087,0.127536232,0.008695652,0.028985507,0.142028986,0.037681159,0.026086957,0.017391304,0.043478261,0.098550725,0.063768116,0.002898551,0,0.034782609
id319,0.073394495,0.073394495,0.055045872,0.04587156,0.004587156,0.077981651,0.032110092,0.077981651,0.041284404,0.059633028,0.096330275,0.073394495,0.013761468,0.013761468,0.055045872,0.087155963,0.055045872,0.004587156,0.036697248,0.02293578
id321,0.099821747,0.032085561,0.062388592,0.04456328,0.005347594,0.053475936,0.064171123,0.073083779,0.037433155,0.046345811,0.108734403,0.08912656,0.024955437,0.019607843,0.040998217,0.058823529,0.046345811,0.017825312,0.021390374,0.053475936
id323,0.18,0.02,0.06,0.03,0.01,0.03,0.01,0.16,0,0.06,0.11,0.01,0.04,0.01,0.03,0.06,0.1,0,0.01,0.07
id325,0.057228916,0.012048193,0.09939759,0.054216867,0.003012048,0.057228916,0.045180723,0.045180723,0.021084337,0.054216867,0.108433735,0.078313253,0.024096386,0.018072289,0.024096386,0.123493976,0.081325301,0.012048193,0.030120482,0.051204819
id327,0.103960396,0.02970297,0.074257426,0.054455446,0,0.089108911,0.00990099,0.074257426,0.03960396,0.034653465,0.079207921,0.064356436,0.00990099,0.04950495,0.04950495,0.04950495,0.064356436,0.02970297,0.03960396,0.054455446
id329,0.067464635,0.032644178,0.050054407,0.055495103,0.007616975,0.056583243,0.051142546,0.055495103,0.014145811,0.063112078,0.094668118,0.070729053,0.01523395,0.032644178,0.054406964,0.085963003,0.083786725,0.005440696,0.019586507,0.083786725
id331,0.114285714,0.048571429,0.02,0.074285714,0.011428571,0.04,0.074285714,0.074285714,0.051428571,0.025714286,0.108571429,0.048571429,0.028571429,0.06,0.042857143,0.08,0.028571429,0.005714286,0.017142857,0.045714286
id333,0.043859649,0.048245614,0.052631579,0.114035088,0.013157895,0.087719298,0.035087719,0.061403509,0.035087719,0.061403509,0.087719298,0.026315789,0.030701754,0.026315789,0.070175439,0.065789474,0.057017544,0.004385965,0.039473684,0.039473684
id335,0.09261301,0.058434399,0.041896362,0.058434399,0.01323043,0.063947078,0.036383682,0.055126792,0.029768467,0.044101433,0.089305402,0.080485116,0.023153252,0.036383682,0.046306505,0.099228225,0.03969129,0.009922822,0.024255788,0.057331863
id337,0.09202454,0.052147239,0.039877301,0.067484663,0.012269939,0.042944785,0.085889571,0.015337423,0.018404908,0.095092025,0.147239264,0.052147239,0.033742331,0.052147239,0.024539877,0.079754601,0.021472393,0.009202454,0.030674847,0.027607362
id339,0.057251908,0.041984733,0.026717557,0.049618321,0.038167939,0.049618321,0.041984733,0.061068702,0.049618321,0.091603053,0.106870229,0.038167939,0.015267176,0.049618321,0.045801527,0.08778626,0.072519084,0.007633588,0.019083969,0.049618321
id341,0.107526882,0.02688172,0.037634409,0.021505376,0.016129032,0.016129032,0.053763441,0.053763441,0.043010753,0.091397849,0.14516129,0.016129032,0.02688172,0.005376344,0.059139785,0.096774194,0.096774194,0.010752688,0.005376344,0.069892473
id343,0.056737589,0.028368794,0.063829787,0.070921986,0.035460993,0.070921986,0.04964539,0.042553191,0.024822695,0.078014184,0.095744681,0.060283688,0.035460993,0.042553191,0.039007092,0.078014184,0.04964539,0.007092199,0.021276596,0.04964539
id345,0.089506173,0.015432099,0.086419753,0.067901235,0,0.018518519,0.058641975,0.154320988,0.009259259,0.030864198,0.083333333,0.027777778,0.030864198,0.018518519,0.049382716,0.12654321,0.067901235,0.00308642,0.012345679,0.049382716
id347,0.058394161,0.051094891,0.024817518,0.045255474,0.013138686,0.071532847,0.037956204,0.055474453,0.039416058,0.070072993,0.127007299,0.04379562,0.02189781,0.065693431,0.062773723,0.071532847,0.048175182,0.005839416,0.03649635,0.049635036
id349,0.180597015,0.082089552,0.023880597,0.049253731,0.001492537,0.052238806,0.052238806,0.07761194,0.011940299,0.034328358,0.095522388,0.023880597,0.017910448,0.020895522,0.064179104,0.065671642,0.073134328,0.008955224,0.013432836,0.050746269
id351,0.07615894,0.043046358,0.046357616,0.039735099,0.023178808,0.09602649,0.026490066,0.046357616,0.01986755,0.056291391,0.109271523,0.066225166,0.039735099,0.043046358,0.043046358,0.099337748,0.033112583,0.003311258,0.026490066,0.062913907
id353,0.112781955,0.041353383,0.037593985,0.033834586,0.018796992,0.022556391,0.04887218,0.07518797,0.007518797,0.037593985,0.120300752,0.033834586,0.018796992,0.07518797,0.026315789,0.127819549,0.086466165,0,0.003759398,0.071428571
id355,0.146634615,0.048076923,0.040865385,0.069711538,0.002403846,0.050480769,0.057692308,0.088942308,0.009615385,0.036057692,0.072115385,0.084134615,0.021634615,0.026442308,0.024038462,0.088942308,0.067307692,0.002403846,0.014423077,0.048076923
id357,0.197727273,0.095454545,0.038636364,0.061363636,0.003409091,0.025,0.013636364,0.134090909,0.018181818,0.017045455,0.055681818,0.010227273,0.017045455,0.0125,0.084090909,0.078409091,0.067045455,0.007954545,0.004545455,0.057954545
id359,0.056521739,0.052173913,0.082608696,0.034782609,0.017391304,0.104347826,0.030434783,0.039130435,0.017391304,0.091304348,0.069565217,0.065217391,0.039130435,0.034782609,0.056521739,0.060869565,0.030434783,0.004347826,0.060869565,0.052173913
id361,0,0.026785714,0.080357143,0.0625,0.017857143,0.080357143,0.026785714,0.080357143,0.044642857,0.142857143,0.080357143,0.053571429,0.008928571,0.035714286,0.026785714,0.071428571,0.035714286,0,0.044642857,0.080357143
id363,0.118251928,0.066838046,0.041131105,0.059125964,0.010282776,0.048843188,0.035989717,0.084832905,0.033419023,0.051413882,0.06940874,0.041131105,0.023136247,0.038560411,0.041131105,0.089974293,0.041131105,0.01285347,0.017994859,0.074550129
id365,0.056872038,0.033175355,0.101105845,0.069510269,0.001579779,0.055292259,0.042654028,0.033175355,0.02685624,0.05371248,0.102685624,0.078988942,0.004739336,0.028436019,0.034755134,0.129541864,0.077409163,0.001579779,0.022116904,0.045813586
id367,0.096177559,0.028976572,0.044389642,0.040690506,0.001233046,0.065351418,0.092478422,0.139950678,0.024660912,0.032675709,0.038224414,0.047472256,0.008014797,0.011097411,0.084463625,0.085696671,0.079531443,0.00431566,0.009864365,0.064734895
id369,0.083743842,0.024630542,0.014778325,0.019704433,0.004926108,0.034482759,0.088669951,0.073891626,0.019704433,0.098522167,0.133004926,0.014778325,0.034482759,0.024630542,0.083743842,0.078817734,0.103448276,0.004926108,0,0.0591133
id371,0.097597598,0.027027027,0.091591592,0.045045045,0.007507508,0.088588589,0.052552553,0.033033033,0.010510511,0.096096096,0.105105105,0.091591592,0.040540541,0.031531532,0.015015015,0.058558559,0.054054054,0,0.013513514,0.040540541
id373,0.189473684,0.031578947,0.021052632,0.094736842,0,0.042105263,0.052631579,0.147368421,0.052631579,0.010526316,0.042105263,0.021052632,0.052631579,0.031578947,0.031578947,0.126315789,0.021052632,0,0,0.031578947
id375,0.042253521,0.044265594,0.070422535,0.064386318,0.016096579,0.062374245,0.024144869,0.034205231,0.020120724,0.080482897,0.116700201,0.080482897,0.010060362,0.044265594,0.056338028,0.084507042,0.052313883,0.012072435,0.038229376,0.046277666
id377,0.109170306,0.043668122,0.030567686,0.017467249,0.026200873,0.043668122,0.048034934,0.100436681,0.034934498,0.061135371,0.104803493,0.030567686,0.043668122,0.026200873,0.074235808,0.069868996,0.043668122,0.008733624,0.021834061,0.061135371
id379,0.106557377,0.06557377,0.06352459,0.045081967,0.014344262,0.067622951,0.051229508,0.088114754,0.028688525,0.038934426,0.088114754,0.032786885,0.020491803,0.045081967,0.036885246,0.075819672,0.030737705,0.020491803,0.018442623,0.06147541
id381,0.142365098,0.074626866,0.020091848,0.051664753,0.00401837,0.043628014,0.051664753,0.09586682,0.027554535,0.02238806,0.107347876,0.038461538,0.021239954,0.029850746,0.072904707,0.061997704,0.045350172,0.013777268,0.011481056,0.063719862
id383,0.064705882,0.032352941,0.079411765,0.052941176,0.026470588,0.079411765,0.055882353,0.052941176,0.029411765,0.067647059,0.123529412,0.055882353,0.014705882,0.041176471,0.026470588,0.070588235,0.05,0.005882353,0.023529412,0.047058824
id385,0.088235294,0.07918552,0.031674208,0.054298643,0.004524887,0.070135747,0.033936652,0.090497738,0.013574661,0.070135747,0.101809955,0.033936652,0.024886878,0.033936652,0.042986425,0.056561086,0.054298643,0,0.020361991,0.095022624
id387,0.049209139,0.036906854,0.079086116,0.043936731,0.014059754,0.054481547,0.031634446,0.04745167,0.024604569,0.073813708,0.098418278,0.080843585,0.031634446,0.061511424,0.029876977,0.073813708,0.066783831,0.008787346,0.036906854,0.056239016
id389,0.141337386,0.101823708,0.018237082,0.059270517,0.010638298,0.06231003,0.050151976,0.059270517,0.031914894,0.036474164,0.100303951,0.03343465,0.02887538,0.021276596,0.060790274,0.072948328,0.044072948,0.006079027,0.004559271,0.056231003
id391,0.141141141,0.042042042,0.039039039,0.021021021,0.024024024,0.048048048,0.036036036,0.081081081,0.006006006,0.042042042,0.111111111,0.081081081,0.021021021,0.03003003,0.027027027,0.075075075,0.075075075,0.003003003,0.024024024,0.072072072
id393,0.087986464,0.115059222,0.045685279,0.062605753,0.015228426,0.074450085,0.042301184,0.076142132,0.008460237,0.027072758,0.060913706,0.015228426,0.0321489,0.0321489,0.047377327,0.101522843,0.047377327,0.011844332,0.033840948,0.062605753
id395,0.08056266,0.038363171,0.057544757,0.060102302,0.011508951,0.039641944,0.046035806,0.044757033,0.031969309,0.051150895,0.093350384,0.051150895,0.020460358,0.05370844,0.057544757,0.101023018,0.079283887,0.011508951,0.024296675,0.046035806
id397,0.053030303,0.049242424,0.03030303,0.064393939,0.026515152,0.083333333,0.018939394,0.083333333,0.034090909,0.098484848,0.060606061,0.068181818,0.034090909,0.022727273,0.041666667,0.045454545,0.060606061,0.003787879,0.03030303,0.090909091
id399,0.108792846,0.084947839,0.028315946,0.067064083,0.004470939,0.047690015,0.031296572,0.122205663,0.02533532,0.02533532,0.096870343,0.01490313,0.013412817,0.034277198,0.087928465,0.083457526,0.041728763,0.017883756,0.020864382,0.043219076
id401,0.036474164,0.069908815,0.030395137,0.082066869,0.003039514,0.121580547,0.045592705,0.027355623,0.012158055,0.051671733,0.106382979,0.09118541,0.009118541,0.072948328,0.036474164,0.066869301,0.048632219,0.006079027,0.042553191,0.039513678
id403,0.05,0.026190476,0.071428571,0.061904762,0.004761905,0.116666667,0.021428571,0.023809524,0.014285714,0.097619048,0.097619048,0.152380952,0.014285714,0.04047619,0.00952381,0.057142857,0.052380952,0.002380952,0.033333333,0.052380952
id405,0.085790885,0.09383378,0.037533512,0.053619303,0.00536193,0.058981233,0.032171582,0.048257373,0.040214477,0.040214477,0.09383378,0.053619303,0.021447721,0.040214477,0.064343164,0.112600536,0.037533512,0.008042895,0.024128686,0.048257373
id407,0.114695341,0.068100358,0.028673835,0.021505376,0,0.082437276,0.068100358,0.046594982,0.028673835,0.035842294,0.100358423,0.046594982,0.007168459,0.010752688,0.093189964,0.089605735,0.096774194,0.007168459,0,0.053763441
id409,0.136986301,0.047945205,0.04109589,0.020547945,0.02739726,0.047945205,0.02739726,0.061643836,0.01369863,0.034246575,0.143835616,0.054794521,0.01369863,0.02739726,0.01369863,0.095890411,0.061643836,0.006849315,0.006849315,0.116438356
id411,0.0475,0.0225,0.08,0.0525,0.02,0.055,0.0375,0.0375,0.025,0.105,0.0775,0.06,0.0175,0.0475,0.045,0.125,0.0575,0.01,0.03,0.0475
id413,0.12295082,0.092213115,0.038934426,0.067622951,0.004098361,0.049180328,0.040983607,0.057377049,0.028688525,0.022540984,0.077868852,0.032786885,0.030737705,0.022540984,0.069672131,0.090163934,0.069672131,0.00204918,0.012295082,0.067622951
id415,0.218905473,0.052238806,0.009950249,0.05721393,0,0.027363184,0.047263682,0.089552239,0.004975124,0.044776119,0.104477612,0.032338308,0.037313433,0.012437811,0.042288557,0.072139303,0.047263682,0.009950249,0.004975124,0.084577114
id417,0.136155606,0.088672769,0.037757437,0.065789474,0.000572082,0.058352403,0.067505721,0.066933638,0.037757437,0.032036613,0.094965675,0.021167048,0.008581236,0.024599542,0.078375286,0.066933638,0.036613272,0.005720824,0.018306636,0.053203661
id419,0.102222222,0.026666667,0.124444444,0.035555556,0.004444444,0.075555556,0.022222222,0.075555556,0.035555556,0.106666667,0.088888889,0.075555556,0.026666667,0.035555556,0.022222222,0.062222222,0.031111111,0.004444444,0.026666667,0.017777778
id421,0.12,0.02,0.0425,0.03,0.0025,0.06,0.065,0.0875,0.02,0.075,0.09,0.0625,0.0375,0.0175,0.025,0.085,0.0675,0.0025,0.005,0.085
